pop	pop#	ntox	tox	toxse	normtox	normtoxse	viewer	background	noise	vord	dl	ds	euc	qt	qtse	normqt	dluvminus	dsuvminus	eucuvminus
AG	4	7	1.088161949	0.098258171	0.63290169	0.057149363	bird	heli	sp	d	0.663722415	0.233671337	0.555260377	3689.650359	160.5477775	0.427836697	0.663722415	0.233207331	0.554822449
AG	4	7	1.088161949	0.098258171	0.63290169	0.057149363	bird	bark	sp	d	0.112856785	0.476213307	0.209312332	3689.650359	160.5477775	0.427836697	0.112856785	0.468019096	0.20692517
AG	4	7	1.088161949	0.098258171	0.63290169	0.057149363	bird	leaf	sp	d	0.713476708	0.589575949	0.687093613	3689.650359	160.5477775	0.427836697	0.713476708	0.585557048	0.686149468
AG	4	7	1.088161949	0.098258171	0.63290169	0.057149363	bird	bark	fix	d	0.112856785	0.476213307	0.209312332	3689.650359	160.5477775	0.427836697	NA	NA	NA
AG	4	7	1.088161949	0.098258171	0.63290169	0.057149363	bird	heli	fix	d	0.663722415	0.233671337	0.555260377	3689.650359	160.5477775	0.427836697	NA	NA	NA
AG	4	7	1.088161949	0.098258171	0.63290169	0.057149363	bird	leaf	fix	d	0.713476708	0.589575949	0.687093613	3689.650359	160.5477775	0.427836697	NA	NA	NA
AG	4	7	1.088161949	0.098258171	0.63290169	0.057149363	bird	bark	fix	v	0.311692257	0.616059232	0.378064455	7779.902672	331.1174465	0.459080909	NA	NA	NA
AG	4	7	1.088161949	0.098258171	0.63290169	0.057149363	bird	bark	sp	v	0.311692257	0.616059232	0.378064455	7779.902672	331.1174465	0.459080909	NA	NA	NA
AG	4	7	1.088161949	0.098258171	0.63290169	0.057149363	bird	heli	fix	v	0.086310859	0.376624063	0.220702605	7779.902672	331.1174465	0.459080909	NA	NA	NA
AG	4	7	1.088161949	0.098258171	0.63290169	0.057149363	bird	heli	sp	v	0.086310859	0.376624063	0.220702605	7779.902672	331.1174465	0.459080909	NA	NA	NA
AG	4	7	1.088161949	0.098258171	0.63290169	0.057149363	bird	leaf	fix	v	0.068417045	0.74793125	0.319944986	7779.902672	331.1174465	0.459080909	NA	NA	NA
AG	4	7	1.088161949	0.098258171	0.63290169	0.057149363	bird	leaf	sp	v	0.068417045	0.74793125	0.319944986	7779.902672	331.1174465	0.459080909	NA	NA	NA
AG	4	7	1.088161949	0.098258171	0.63290169	0.057149363	crab	bark	fix	d	0.046300267	1	0.372387318	3689.650359	160.5477775	0.427836697	NA	NA	NA
AG	4	7	1.088161949	0.098258171	0.63290169	0.057149363	crab	bark	sp	d	0.046300267	1	0.372387318	3689.650359	160.5477775	0.427836697	NA	NA	NA
AG	4	7	1.088161949	0.098258171	0.63290169	0.057149363	crab	heli	fix	d	0.756570176	1	0.829792435	3689.650359	160.5477775	0.427836697	NA	NA	NA
AG	4	7	1.088161949	0.098258171	0.63290169	0.057149363	crab	heli	sp	d	0.756570176	1	0.829792435	3689.650359	160.5477775	0.427836697	NA	NA	NA
AG	4	7	1.088161949	0.098258171	0.63290169	0.057149363	crab	leaf	fix	d	0.290603611	1	0.438334048	3689.650359	160.5477775	0.427836697	NA	NA	NA
AG	4	7	1.088161949	0.098258171	0.63290169	0.057149363	crab	leaf	sp	d	0.290603611	1	0.438334048	3689.650359	160.5477775	0.427836697	NA	NA	NA
AG	4	7	1.088161949	0.098258171	0.63290169	0.057149363	crab	bark	fix	v	0.512958042	0.832920771	0.574209642	7779.902672	331.1174465	0.459080909	NA	NA	NA
AG	4	7	1.088161949	0.098258171	0.63290169	0.057149363	crab	bark	sp	v	0.512958042	0.832920771	0.574209642	7779.902672	331.1174465	0.459080909	NA	NA	NA
AG	4	7	1.088161949	0.098258171	0.63290169	0.057149363	crab	heli	fix	v	0.314622801	0.42069995	0.396998844	7779.902672	331.1174465	0.459080909	NA	NA	NA
AG	4	7	1.088161949	0.098258171	0.63290169	0.057149363	crab	heli	sp	v	0.314622801	0.42069995	0.396998844	7779.902672	331.1174465	0.459080909	NA	NA	NA
AG	4	7	1.088161949	0.098258171	0.63290169	0.057149363	crab	leaf	fix	v	0.416525055	0.477108345	0.473187325	7779.902672	331.1174465	0.459080909	NA	NA	NA
AG	4	7	1.088161949	0.098258171	0.63290169	0.057149363	crab	leaf	sp	v	0.416525055	0.477108345	0.473187325	7779.902672	331.1174465	0.459080909	NA	NA	NA
AG	4	7	1.088161949	0.098258171	0.63290169	0.057149363	pumilio	bark	fix	d	0.594514843	0.623307446	0.621026298	3689.650359	160.5477775	0.427836697	NA	NA	NA
AG	4	7	1.088161949	0.098258171	0.63290169	0.057149363	pumilio	bark	sp	d	0.594514843	0.623307446	0.621026298	3689.650359	160.5477775	0.427836697	NA	NA	NA
AG	4	7	1.088161949	0.098258171	0.63290169	0.057149363	pumilio	heli	fix	d	0.449688588	0.62325211	0.535981162	3689.650359	160.5477775	0.427836697	NA	NA	NA
AG	4	7	1.088161949	0.098258171	0.63290169	0.057149363	pumilio	heli	sp	d	0.449688588	0.62325211	0.535981162	3689.650359	160.5477775	0.427836697	NA	NA	NA
AG	4	7	1.088161949	0.098258171	0.63290169	0.057149363	pumilio	leaf	fix	d	0.508586043	0.623291828	0.565457061	3689.650359	160.5477775	0.427836697	NA	NA	NA
AG	4	7	1.088161949	0.098258171	0.63290169	0.057149363	pumilio	leaf	sp	d	0.508586043	0.623291828	0.565457061	3689.650359	160.5477775	0.427836697	NA	NA	NA
AG	4	7	1.088161949	0.098258171	0.63290169	0.057149363	pumilio	bark	fix	v	0.731414818	0.513019253	0.736454738	7779.902672	331.1174465	0.459080909	NA	NA	NA
AG	4	7	1.088161949	0.098258171	0.63290169	0.057149363	pumilio	bark	sp	v	0.731414818	0.513019253	0.736454738	7779.902672	331.1174465	0.459080909	NA	NA	NA
AG	4	7	1.088161949	0.098258171	0.63290169	0.057149363	pumilio	heli	fix	v	0.658987153	0.51294416	0.675169166	7779.902672	331.1174465	0.459080909	NA	NA	NA
AG	4	7	1.088161949	0.098258171	0.63290169	0.057149363	pumilio	heli	sp	v	0.658987153	0.51294416	0.675169166	7779.902672	331.1174465	0.459080909	NA	NA	NA
AG	4	7	1.088161949	0.098258171	0.63290169	0.057149363	pumilio	leaf	fix	v	0.687284669	0.512995509	0.698244062	7779.902672	331.1174465	0.459080909	NA	NA	NA
AG	4	7	1.088161949	0.098258171	0.63290169	0.057149363	pumilio	leaf	sp	v	0.687284669	0.512995509	0.698244062	7779.902672	331.1174465	0.459080909	NA	NA	NA
AG	4	7	1.088161949	0.098258171	0.63290169	0.057149363	snake	bark	fix	d	0.652560953	0.737551334	0.653998083	3689.650359	160.5477775	0.427836697	NA	NA	NA
AG	4	7	1.088161949	0.098258171	0.63290169	0.057149363	snake	bark	sp	d	0.652560953	0.737551334	0.653998083	3689.650359	160.5477775	0.427836697	NA	NA	NA
AG	4	7	1.088161949	0.098258171	0.63290169	0.057149363	snake	heli	fix	d	0.554486977	0.742405968	0.559561371	3689.650359	160.5477775	0.427836697	NA	NA	NA
AG	4	7	1.088161949	0.098258171	0.63290169	0.057149363	snake	heli	sp	d	0.554486977	0.742405968	0.559561371	3689.650359	160.5477775	0.427836697	NA	NA	NA
AG	4	7	1.088161949	0.098258171	0.63290169	0.057149363	snake	leaf	fix	d	0.593427896	0.740612862	0.596699138	3689.650359	160.5477775	0.427836697	NA	NA	NA
AG	4	7	1.088161949	0.098258171	0.63290169	0.057149363	snake	leaf	sp	d	0.593427896	0.740612862	0.596699138	3689.650359	160.5477775	0.427836697	NA	NA	NA
AG	4	7	1.088161949	0.098258171	0.63290169	0.057149363	snake	bark	fix	v	0.76175371	0.566150964	0.762113748	7779.902672	331.1174465	0.459080909	NA	NA	NA
AG	4	7	1.088161949	0.098258171	0.63290169	0.057149363	snake	bark	sp	v	0.76175371	0.566150964	0.762113748	7779.902672	331.1174465	0.459080909	NA	NA	NA
AG	4	7	1.088161949	0.098258171	0.63290169	0.057149363	snake	heli	fix	v	0.707603624	0.574988635	0.708893366	7779.902672	331.1174465	0.459080909	NA	NA	NA
AG	4	7	1.088161949	0.098258171	0.63290169	0.057149363	snake	heli	sp	v	0.707603624	0.574988635	0.708893366	7779.902672	331.1174465	0.459080909	NA	NA	NA
AG	4	7	1.088161949	0.098258171	0.63290169	0.057149363	snake	leaf	fix	v	0.728538694	0.571690273	0.729390802	7779.902672	331.1174465	0.459080909	NA	NA	NA
AG	4	7	1.088161949	0.098258171	0.63290169	0.057149363	snake	leaf	sp	v	0.728538694	0.571690273	0.729390802	7779.902672	331.1174465	0.459080909	NA	NA	NA
AL	6	4	0.861168439	0.10899496	0.500876695	0.063394143	bird	leaf	sp	d	0.373810259	0.531972684	0.415358469	5510.408896	181.5395415	0.638964376	0.373810259	0.529712847	0.41491725
AL	6	4	0.861168439	0.10899496	0.500876695	0.063394143	bird	bark	sp	d	0.593306697	0.633580589	0.599321679	5510.408896	181.5395415	0.638964376	0.593306697	0.629485133	0.598718033
AL	6	4	0.861168439	0.10899496	0.500876695	0.063394143	bird	heli	sp	d	0.391992956	0.657286311	0.499022677	5510.408896	181.5395415	0.638964376	0.391992956	0.656815286	0.499107072
AL	6	4	0.861168439	0.10899496	0.500876695	0.063394143	bird	bark	fix	d	0.593306697	0.633580589	0.599321679	5510.408896	181.5395415	0.638964376	NA	NA	NA
AL	6	4	0.861168439	0.10899496	0.500876695	0.063394143	bird	heli	fix	d	0.391992956	0.657286311	0.499022677	5510.408896	181.5395415	0.638964376	NA	NA	NA
AL	6	4	0.861168439	0.10899496	0.500876695	0.063394143	bird	leaf	fix	d	0.373810259	0.531972684	0.415358469	5510.408896	181.5395415	0.638964376	NA	NA	NA
AL	6	4	0.861168439	0.10899496	0.500876695	0.063394143	bird	bark	fix	v	0.717342166	0.784869357	0.765669463	7160.799889	327.4570556	0.422548541	NA	NA	NA
AL	6	4	0.861168439	0.10899496	0.500876695	0.063394143	bird	bark	sp	v	0.717342166	0.784869357	0.765669463	7160.799889	327.4570556	0.422548541	NA	NA	NA
AL	6	4	0.861168439	0.10899496	0.500876695	0.063394143	bird	heli	fix	v	0.6247879	0.803618152	0.75959446	7160.799889	327.4570556	0.422548541	NA	NA	NA
AL	6	4	0.861168439	0.10899496	0.500876695	0.063394143	bird	heli	sp	v	0.6247879	0.803618152	0.75959446	7160.799889	327.4570556	0.422548541	NA	NA	NA
AL	6	4	0.861168439	0.10899496	0.500876695	0.063394143	bird	leaf	fix	v	0.617439695	0.738059352	0.684223366	7160.799889	327.4570556	0.422548541	NA	NA	NA
AL	6	4	0.861168439	0.10899496	0.500876695	0.063394143	bird	leaf	sp	v	0.617439695	0.738059352	0.684223366	7160.799889	327.4570556	0.422548541	NA	NA	NA
AL	6	4	0.861168439	0.10899496	0.500876695	0.063394143	crab	bark	fix	d	0.232286122	0.44827207	0.285287752	5510.408896	181.5395415	0.638964376	NA	NA	NA
AL	6	4	0.861168439	0.10899496	0.500876695	0.063394143	crab	bark	sp	d	0.232286122	0.44827207	0.285287752	5510.408896	181.5395415	0.638964376	NA	NA	NA
AL	6	4	0.861168439	0.10899496	0.500876695	0.063394143	crab	heli	fix	d	0.414012456	0.090781579	0.400198138	5510.408896	181.5395415	0.638964376	NA	NA	NA
AL	6	4	0.861168439	0.10899496	0.500876695	0.063394143	crab	heli	sp	d	0.414012456	0.090781579	0.400198138	5510.408896	181.5395415	0.638964376	NA	NA	NA
AL	6	4	0.861168439	0.10899496	0.500876695	0.063394143	crab	leaf	fix	d	0.038916411	0.180901502	0.071238423	5510.408896	181.5395415	0.638964376	NA	NA	NA
AL	6	4	0.861168439	0.10899496	0.500876695	0.063394143	crab	leaf	sp	d	0.038916411	0.180901502	0.071238423	5510.408896	181.5395415	0.638964376	NA	NA	NA
AL	6	4	0.861168439	0.10899496	0.500876695	0.063394143	crab	bark	fix	v	0.305484209	0.030501042	0.304195969	7160.799889	327.4570556	0.422548541	NA	NA	NA
AL	6	4	0.861168439	0.10899496	0.500876695	0.063394143	crab	bark	sp	v	0.305484209	0.030501042	0.304195969	7160.799889	327.4570556	0.422548541	NA	NA	NA
AL	6	4	0.861168439	0.10899496	0.500876695	0.063394143	crab	heli	fix	v	0.022660615	0.248539739	0.144827859	7160.799889	327.4570556	0.422548541	NA	NA	NA
AL	6	4	0.861168439	0.10899496	0.500876695	0.063394143	crab	heli	sp	v	0.022660615	0.248539739	0.144827859	7160.799889	327.4570556	0.422548541	NA	NA	NA
AL	6	4	0.861168439	0.10899496	0.500876695	0.063394143	crab	leaf	fix	v	0.167971966	0.218703272	0.197009819	7160.799889	327.4570556	0.422548541	NA	NA	NA
AL	6	4	0.861168439	0.10899496	0.500876695	0.063394143	crab	leaf	sp	v	0.167971966	0.218703272	0.197009819	7160.799889	327.4570556	0.422548541	NA	NA	NA
AL	6	4	0.861168439	0.10899496	0.500876695	0.063394143	pumilio	bark	fix	d	0.698736343	0.828287724	0.749710878	5510.408896	181.5395415	0.638964376	NA	NA	NA
AL	6	4	0.861168439	0.10899496	0.500876695	0.063394143	pumilio	bark	sp	d	0.698736343	0.828287724	0.749710878	5510.408896	181.5395415	0.638964376	NA	NA	NA
AL	6	4	0.861168439	0.10899496	0.500876695	0.063394143	pumilio	heli	fix	d	0.591134655	0.828248267	0.707986278	5510.408896	181.5395415	0.638964376	NA	NA	NA
AL	6	4	0.861168439	0.10899496	0.500876695	0.063394143	pumilio	heli	sp	d	0.591134655	0.828248267	0.707986278	5510.408896	181.5395415	0.638964376	NA	NA	NA
AL	6	4	0.861168439	0.10899496	0.500876695	0.063394143	pumilio	leaf	fix	d	0.634893748	0.828272724	0.721269753	5510.408896	181.5395415	0.638964376	NA	NA	NA
AL	6	4	0.861168439	0.10899496	0.500876695	0.063394143	pumilio	leaf	sp	d	0.634893748	0.828272724	0.721269753	5510.408896	181.5395415	0.638964376	NA	NA	NA
AL	6	4	0.861168439	0.10899496	0.500876695	0.063394143	pumilio	bark	fix	v	0.655448912	0.876894462	0.724487229	7160.799889	327.4570556	0.422548541	NA	NA	NA
AL	6	4	0.861168439	0.10899496	0.500876695	0.063394143	pumilio	bark	sp	v	0.655448912	0.876894462	0.724487229	7160.799889	327.4570556	0.422548541	NA	NA	NA
AL	6	4	0.861168439	0.10899496	0.500876695	0.063394143	pumilio	heli	fix	v	0.562536003	0.87686494	0.689540017	7160.799889	327.4570556	0.422548541	NA	NA	NA
AL	6	4	0.861168439	0.10899496	0.500876695	0.063394143	pumilio	heli	sp	v	0.562536003	0.87686494	0.689540017	7160.799889	327.4570556	0.422548541	NA	NA	NA
AL	6	4	0.861168439	0.10899496	0.500876695	0.063394143	pumilio	leaf	fix	v	0.598837112	0.876882655	0.70065583	7160.799889	327.4570556	0.422548541	NA	NA	NA
AL	6	4	0.861168439	0.10899496	0.500876695	0.063394143	pumilio	leaf	sp	v	0.598837112	0.876882655	0.70065583	7160.799889	327.4570556	0.422548541	NA	NA	NA
AL	6	4	0.861168439	0.10899496	0.500876695	0.063394143	snake	bark	fix	d	0.730020289	0.86699343	0.732250809	5510.408896	181.5395415	0.638964376	NA	NA	NA
AL	6	4	0.861168439	0.10899496	0.500876695	0.063394143	snake	bark	sp	d	0.730020289	0.86699343	0.732250809	5510.408896	181.5395415	0.638964376	NA	NA	NA
AL	6	4	0.861168439	0.10899496	0.500876695	0.063394143	snake	heli	fix	d	0.653811285	0.868748689	0.659605076	5510.408896	181.5395415	0.638964376	NA	NA	NA
AL	6	4	0.861168439	0.10899496	0.500876695	0.063394143	snake	heli	sp	d	0.653811285	0.868748689	0.659605076	5510.408896	181.5395415	0.638964376	NA	NA	NA
AL	6	4	0.861168439	0.10899496	0.500876695	0.063394143	snake	leaf	fix	d	0.684070573	0.868113339	0.688162734	5510.408896	181.5395415	0.638964376	NA	NA	NA
AL	6	4	0.861168439	0.10899496	0.500876695	0.063394143	snake	leaf	sp	d	0.684070573	0.868113339	0.688162734	5510.408896	181.5395415	0.638964376	NA	NA	NA
AL	6	4	0.861168439	0.10899496	0.500876695	0.063394143	snake	bark	fix	v	0.69083254	0.764457969	0.694573223	7160.799889	327.4570556	0.422548541	NA	NA	NA
AL	6	4	0.861168439	0.10899496	0.500876695	0.063394143	snake	bark	sp	v	0.69083254	0.764457969	0.694573223	7160.799889	327.4570556	0.422548541	NA	NA	NA
AL	6	4	0.861168439	0.10899496	0.500876695	0.063394143	snake	heli	fix	v	0.620563054	0.767454168	0.627759609	7160.799889	327.4570556	0.422548541	NA	NA	NA
AL	6	4	0.861168439	0.10899496	0.500876695	0.063394143	snake	heli	sp	v	0.620563054	0.767454168	0.627759609	7160.799889	327.4570556	0.422548541	NA	NA	NA
AL	6	4	0.861168439	0.10899496	0.500876695	0.063394143	snake	leaf	fix	v	0.647730076	0.766363633	0.653387203	7160.799889	327.4570556	0.422548541	NA	NA	NA
AL	6	4	0.861168439	0.10899496	0.500876695	0.063394143	snake	leaf	sp	v	0.647730076	0.766363633	0.653387203	7160.799889	327.4570556	0.422548541	NA	NA	NA
BCG	2	5	1.521955424	0.071983896	0.885206619	0.0418676	bird	bark	sp	d	0.896696763	0.031321544	0.829139413	8623.968876	376.5688989	1	0.896696763	0.029681877	0.828826149
BCG	2	5	1.521955424	0.071983896	0.885206619	0.0418676	bird	heli	sp	d	0.84556152	0.165230648	0.692376826	8623.968876	376.5688989	1	0.84556152	0.15390041	0.690948254
BCG	2	5	1.521955424	0.071983896	0.885206619	0.0418676	bird	leaf	sp	d	0.840942975	0.255923474	0.748545198	8623.968876	376.5688989	1	0.840942975	0.250521861	0.747567773
BCG	2	5	1.521955424	0.071983896	0.885206619	0.0418676	bird	bark	fix	d	0.896696763	0.031321544	0.829139413	8623.968876	376.5688989	1	NA	NA	NA
BCG	2	5	1.521955424	0.071983896	0.885206619	0.0418676	bird	heli	fix	d	0.84556152	0.165230648	0.692376826	8623.968876	376.5688989	1	NA	NA	NA
BCG	2	5	1.521955424	0.071983896	0.885206619	0.0418676	bird	leaf	fix	d	0.840942975	0.255923474	0.748545198	8623.968876	376.5688989	1	NA	NA	NA
BCG	2	5	1.521955424	0.071983896	0.885206619	0.0418676	bird	bark	fix	v	0.958659354	0.268510253	0.959723544	16033.46651	746.8997085	0.946111886	NA	NA	NA
BCG	2	5	1.521955424	0.071983896	0.885206619	0.0418676	bird	bark	sp	v	0.958659354	0.268510253	0.959723544	16033.46651	746.8997085	0.946111886	NA	NA	NA
BCG	2	5	1.521955424	0.071983896	0.885206619	0.0418676	bird	heli	fix	v	0.945122658	0.120017865	0.945713582	16033.46651	746.8997085	0.946111886	NA	NA	NA
BCG	2	5	1.521955424	0.071983896	0.885206619	0.0418676	bird	heli	sp	v	0.945122658	0.120017865	0.945713582	16033.46651	746.8997085	0.946111886	NA	NA	NA
BCG	2	5	1.521955424	0.071983896	0.885206619	0.0418676	bird	leaf	fix	v	0.944047933	0.381397554	0.947243676	16033.46651	746.8997085	0.946111886	NA	NA	NA
BCG	2	5	1.521955424	0.071983896	0.885206619	0.0418676	bird	leaf	sp	v	0.944047933	0.381397554	0.947243676	16033.46651	746.8997085	0.946111886	NA	NA	NA
BCG	2	5	1.521955424	0.071983896	0.885206619	0.0418676	crab	bark	fix	d	1	0.019816101	1	8623.968876	376.5688989	1	NA	NA	NA
BCG	2	5	1.521955424	0.071983896	0.885206619	0.0418676	crab	bark	sp	d	1	0.019816101	1	8623.968876	376.5688989	1	NA	NA	NA
BCG	2	5	1.521955424	0.071983896	0.885206619	0.0418676	crab	heli	fix	d	1	0.680602946	1	8623.968876	376.5688989	1	NA	NA	NA
BCG	2	5	1.521955424	0.071983896	0.885206619	0.0418676	crab	heli	sp	d	1	0.680602946	1	8623.968876	376.5688989	1	NA	NA	NA
BCG	2	5	1.521955424	0.071983896	0.885206619	0.0418676	crab	leaf	fix	d	1	0.514024923	1	8623.968876	376.5688989	1	NA	NA	NA
BCG	2	5	1.521955424	0.071983896	0.885206619	0.0418676	crab	leaf	sp	d	1	0.514024923	1	8623.968876	376.5688989	1	NA	NA	NA
BCG	2	5	1.521955424	0.071983896	0.885206619	0.0418676	crab	bark	fix	v	0.973815058	0.325479966	0.974648549	16033.46651	746.8997085	0.946111886	NA	NA	NA
BCG	2	5	1.521955424	0.071983896	0.885206619	0.0418676	crab	bark	sp	v	0.973815058	0.325479966	0.974648549	16033.46651	746.8997085	0.946111886	NA	NA	NA
BCG	2	5	1.521955424	0.071983896	0.885206619	0.0418676	crab	heli	fix	v	0.963151917	0.027381735	0.963252257	16033.46651	746.8997085	0.946111886	NA	NA	NA
BCG	2	5	1.521955424	0.071983896	0.885206619	0.0418676	crab	heli	sp	v	0.963151917	0.027381735	0.963252257	16033.46651	746.8997085	0.946111886	NA	NA	NA
BCG	2	5	1.521955424	0.071983896	0.885206619	0.0418676	crab	leaf	fix	v	0.96863051	0.068173567	0.968853886	16033.46651	746.8997085	0.946111886	NA	NA	NA
BCG	2	5	1.521955424	0.071983896	0.885206619	0.0418676	crab	leaf	sp	v	0.96863051	0.068173567	0.968853886	16033.46651	746.8997085	0.946111886	NA	NA	NA
BCG	2	5	1.521955424	0.071983896	0.885206619	0.0418676	pumilio	bark	fix	d	1	0.796637957	1	8623.968876	376.5688989	1	NA	NA	NA
BCG	2	5	1.521955424	0.071983896	0.885206619	0.0418676	pumilio	bark	sp	d	1	0.796637957	1	8623.968876	376.5688989	1	NA	NA	NA
BCG	2	5	1.521955424	0.071983896	0.885206619	0.0418676	pumilio	heli	fix	d	1	0.796678861	1	8623.968876	376.5688989	1	NA	NA	NA
BCG	2	5	1.521955424	0.071983896	0.885206619	0.0418676	pumilio	heli	sp	d	1	0.796678861	1	8623.968876	376.5688989	1	NA	NA	NA
BCG	2	5	1.521955424	0.071983896	0.885206619	0.0418676	pumilio	leaf	fix	d	1	0.796669081	1	8623.968876	376.5688989	1	NA	NA	NA
BCG	2	5	1.521955424	0.071983896	0.885206619	0.0418676	pumilio	leaf	sp	d	1	0.796669081	1	8623.968876	376.5688989	1	NA	NA	NA
BCG	2	5	1.521955424	0.071983896	0.885206619	0.0418676	pumilio	bark	fix	v	0.985251566	0.630608931	0.985568051	16033.46651	746.8997085	0.946111886	NA	NA	NA
BCG	2	5	1.521955424	0.071983896	0.885206619	0.0418676	pumilio	bark	sp	v	0.985251566	0.630608931	0.985568051	16033.46651	746.8997085	0.946111886	NA	NA	NA
BCG	2	5	1.521955424	0.071983896	0.885206619	0.0418676	pumilio	heli	fix	v	0.98127445	0.630588178	0.982167589	16033.46651	746.8997085	0.946111886	NA	NA	NA
BCG	2	5	1.521955424	0.071983896	0.885206619	0.0418676	pumilio	heli	sp	v	0.98127445	0.630588178	0.982167589	16033.46651	746.8997085	0.946111886	NA	NA	NA
BCG	2	5	1.521955424	0.071983896	0.885206619	0.0418676	pumilio	leaf	fix	v	0.982828311	0.630611226	0.983457279	16033.46651	746.8997085	0.946111886	NA	NA	NA
BCG	2	5	1.521955424	0.071983896	0.885206619	0.0418676	pumilio	leaf	sp	v	0.982828311	0.630611226	0.983457279	16033.46651	746.8997085	0.946111886	NA	NA	NA
BCG	2	5	1.521955424	0.071983896	0.885206619	0.0418676	snake	bark	fix	d	1	0.966743133	1	8623.968876	376.5688989	1	NA	NA	NA
BCG	2	5	1.521955424	0.071983896	0.885206619	0.0418676	snake	bark	sp	d	1	0.966743133	1	8623.968876	376.5688989	1	NA	NA	NA
BCG	2	5	1.521955424	0.071983896	0.885206619	0.0418676	snake	heli	fix	d	1	0.970005461	1	8623.968876	376.5688989	1	NA	NA	NA
BCG	2	5	1.521955424	0.071983896	0.885206619	0.0418676	snake	heli	sp	d	1	0.970005461	1	8623.968876	376.5688989	1	NA	NA	NA
BCG	2	5	1.521955424	0.071983896	0.885206619	0.0418676	snake	leaf	fix	d	1	0.968761732	1	8623.968876	376.5688989	1	NA	NA	NA
BCG	2	5	1.521955424	0.071983896	0.885206619	0.0418676	snake	leaf	sp	d	1	0.968761732	1	8623.968876	376.5688989	1	NA	NA	NA
BCG	2	5	1.521955424	0.071983896	0.885206619	0.0418676	snake	bark	fix	v	0.987316811	0.697699656	0.987397639	16033.46651	746.8997085	0.946111886	NA	NA	NA
BCG	2	5	1.521955424	0.071983896	0.885206619	0.0418676	snake	bark	sp	v	0.987316811	0.697699656	0.987397639	16033.46651	746.8997085	0.946111886	NA	NA	NA
BCG	2	5	1.521955424	0.071983896	0.885206619	0.0418676	snake	heli	fix	v	0.984434098	0.705669566	0.984597826	16033.46651	746.8997085	0.946111886	NA	NA	NA
BCG	2	5	1.521955424	0.071983896	0.885206619	0.0418676	snake	heli	sp	v	0.984434098	0.705669566	0.984597826	16033.46651	746.8997085	0.946111886	NA	NA	NA
BCG	2	5	1.521955424	0.071983896	0.885206619	0.0418676	snake	leaf	fix	v	0.985548589	0.702677361	0.985675541	16033.46651	746.8997085	0.946111886	NA	NA	NA
BCG	2	5	1.521955424	0.071983896	0.885206619	0.0418676	snake	leaf	sp	v	0.985548589	0.702677361	0.985675541	16033.46651	746.8997085	0.946111886	NA	NA	NA
BCO	3	5	1.398059996	0.100933011	0.813145998	0.058705116	bird	leaf	sp	d	0.807007603	0.454236908	0.741234609	7096.925269	395.8853616	0.822930297	0.807007603	0.45510692	0.740967938
BCO	3	5	1.398059996	0.100933011	0.813145998	0.058705116	bird	bark	sp	d	0.874656657	0.526123079	0.833153018	7096.925269	395.8853616	0.822930297	0.874656657	0.525548611	0.832915949
BCO	3	5	1.398059996	0.100933011	0.813145998	0.058705116	bird	heli	sp	d	0.812611531	0.595893399	0.745495126	7096.925269	395.8853616	0.822930297	0.812611531	0.595911526	0.745281678
BCO	3	5	1.398059996	0.100933011	0.813145998	0.058705116	bird	bark	fix	d	0.874656657	0.526123079	0.833153018	7096.925269	395.8853616	0.822930297	NA	NA	NA
BCO	3	5	1.398059996	0.100933011	0.813145998	0.058705116	bird	heli	fix	d	0.812611531	0.595893399	0.745495126	7096.925269	395.8853616	0.822930297	NA	NA	NA
BCO	3	5	1.398059996	0.100933011	0.813145998	0.058705116	bird	leaf	fix	d	0.807007603	0.454236908	0.741234609	7096.925269	395.8853616	0.822930297	NA	NA	NA
BCO	3	5	1.398059996	0.100933011	0.813145998	0.058705116	bird	bark	fix	v	1	0.24559857	1	16946.69178	747.4060413	1	NA	NA	NA
BCO	3	5	1.398059996	0.100933011	0.813145998	0.058705116	bird	bark	sp	v	1	0.24559857	1	16946.69178	747.4060413	1	NA	NA	NA
BCO	3	5	1.398059996	0.100933011	0.813145998	0.058705116	bird	heli	fix	v	1	0.108756552	1	16946.69178	747.4060413	1	NA	NA	NA
BCO	3	5	1.398059996	0.100933011	0.813145998	0.058705116	bird	heli	sp	v	1	0.108756552	1	16946.69178	747.4060413	1	NA	NA	NA
BCO	3	5	1.398059996	0.100933011	0.813145998	0.058705116	bird	leaf	fix	v	1	0.352734437	1	16946.69178	747.4060413	1	NA	NA	NA
BCO	3	5	1.398059996	0.100933011	0.813145998	0.058705116	bird	leaf	sp	v	1	0.352734437	1	16946.69178	747.4060413	1	NA	NA	NA
BCO	3	5	1.398059996	0.100933011	0.813145998	0.058705116	crab	bark	fix	d	0.610905946	0.018663311	0.610928492	7096.925269	395.8853616	0.822930297	NA	NA	NA
BCO	3	5	1.398059996	0.100933011	0.813145998	0.058705116	crab	bark	sp	d	0.610905946	0.018663311	0.610928492	7096.925269	395.8853616	0.822930297	NA	NA	NA
BCO	3	5	1.398059996	0.100933011	0.813145998	0.058705116	crab	heli	fix	d	0.283347801	0.617190912	0.366905331	7096.925269	395.8853616	0.822930297	NA	NA	NA
BCO	3	5	1.398059996	0.100933011	0.813145998	0.058705116	crab	heli	sp	d	0.283347801	0.617190912	0.366905331	7096.925269	395.8853616	0.822930297	NA	NA	NA
BCO	3	5	1.398059996	0.100933011	0.813145998	0.058705116	crab	leaf	fix	d	0.473454617	0.456898164	0.490539405	7096.925269	395.8853616	0.822930297	NA	NA	NA
BCO	3	5	1.398059996	0.100933011	0.813145998	0.058705116	crab	leaf	sp	d	0.473454617	0.456898164	0.490539405	7096.925269	395.8853616	0.822930297	NA	NA	NA
BCO	3	5	1.398059996	0.100933011	0.813145998	0.058705116	crab	bark	fix	v	1	0.307422873	1	16946.69178	747.4060413	1	NA	NA	NA
BCO	3	5	1.398059996	0.100933011	0.813145998	0.058705116	crab	bark	sp	v	1	0.307422873	1	16946.69178	747.4060413	1	NA	NA	NA
BCO	3	5	1.398059996	0.100933011	0.813145998	0.058705116	crab	heli	fix	v	1	0.013385652	1	16946.69178	747.4060413	1	NA	NA	NA
BCO	3	5	1.398059996	0.100933011	0.813145998	0.058705116	crab	heli	sp	v	1	0.013385652	1	16946.69178	747.4060413	1	NA	NA	NA
BCO	3	5	1.398059996	0.100933011	0.813145998	0.058705116	crab	leaf	fix	v	1	0.053621775	1	16946.69178	747.4060413	1	NA	NA	NA
BCO	3	5	1.398059996	0.100933011	0.813145998	0.058705116	crab	leaf	sp	v	1	0.053621775	1	16946.69178	747.4060413	1	NA	NA	NA
BCO	3	5	1.398059996	0.100933011	0.813145998	0.058705116	pumilio	bark	fix	d	0.851922232	0.893158976	0.88990799	7096.925269	395.8853616	0.822930297	NA	NA	NA
BCO	3	5	1.398059996	0.100933011	0.813145998	0.058705116	pumilio	bark	sp	d	0.851922232	0.893158976	0.88990799	7096.925269	395.8853616	0.822930297	NA	NA	NA
BCO	3	5	1.398059996	0.100933011	0.813145998	0.058705116	pumilio	heli	fix	d	0.799033616	0.893163452	0.875679619	7096.925269	395.8853616	0.822930297	NA	NA	NA
BCO	3	5	1.398059996	0.100933011	0.813145998	0.058705116	pumilio	heli	sp	d	0.799033616	0.893163452	0.875679619	7096.925269	395.8853616	0.822930297	NA	NA	NA
BCO	3	5	1.398059996	0.100933011	0.813145998	0.058705116	pumilio	leaf	fix	d	0.82054218	0.893165853	0.879858867	7096.925269	395.8853616	0.822930297	NA	NA	NA
BCO	3	5	1.398059996	0.100933011	0.813145998	0.058705116	pumilio	leaf	sp	d	0.82054218	0.893165853	0.879858867	7096.925269	395.8853616	0.822930297	NA	NA	NA
BCO	3	5	1.398059996	0.100933011	0.813145998	0.058705116	pumilio	bark	fix	v	1	0.636907727	1	16946.69178	747.4060413	1	NA	NA	NA
BCO	3	5	1.398059996	0.100933011	0.813145998	0.058705116	pumilio	bark	sp	v	1	0.636907727	1	16946.69178	747.4060413	1	NA	NA	NA
BCO	3	5	1.398059996	0.100933011	0.813145998	0.058705116	pumilio	heli	fix	v	1	0.636888306	1	16946.69178	747.4060413	1	NA	NA	NA
BCO	3	5	1.398059996	0.100933011	0.813145998	0.058705116	pumilio	heli	sp	v	1	0.636888306	1	16946.69178	747.4060413	1	NA	NA	NA
BCO	3	5	1.398059996	0.100933011	0.813145998	0.058705116	pumilio	leaf	fix	v	1	0.636910534	1	16946.69178	747.4060413	1	NA	NA	NA
BCO	3	5	1.398059996	0.100933011	0.813145998	0.058705116	pumilio	leaf	sp	v	1	0.636910534	1	16946.69178	747.4060413	1	NA	NA	NA
BCO	3	5	1.398059996	0.100933011	0.813145998	0.058705116	snake	bark	fix	d	0.86712092	0.960575709	0.868750795	7096.925269	395.8853616	0.822930297	NA	NA	NA
BCO	3	5	1.398059996	0.100933011	0.813145998	0.058705116	snake	bark	sp	d	0.86712092	0.960575709	0.868750795	7096.925269	395.8853616	0.822930297	NA	NA	NA
BCO	3	5	1.398059996	0.100933011	0.813145998	0.058705116	snake	heli	fix	d	0.829612241	0.961735527	0.833212771	7096.925269	395.8853616	0.822930297	NA	NA	NA
BCO	3	5	1.398059996	0.100933011	0.813145998	0.058705116	snake	heli	sp	d	0.829612241	0.961735527	0.833212771	7096.925269	395.8853616	0.822930297	NA	NA	NA
BCO	3	5	1.398059996	0.100933011	0.813145998	0.058705116	snake	leaf	fix	d	0.844505309	0.961302196	0.847194766	7096.925269	395.8853616	0.822930297	NA	NA	NA
BCO	3	5	1.398059996	0.100933011	0.813145998	0.058705116	snake	leaf	sp	d	0.844505309	0.961302196	0.847194766	7096.925269	395.8853616	0.822930297	NA	NA	NA
BCO	3	5	1.398059996	0.100933011	0.813145998	0.058705116	snake	bark	fix	v	1	0.698763209	1	16946.69178	747.4060413	1	NA	NA	NA
BCO	3	5	1.398059996	0.100933011	0.813145998	0.058705116	snake	bark	sp	v	1	0.698763209	1	16946.69178	747.4060413	1	NA	NA	NA
BCO	3	5	1.398059996	0.100933011	0.813145998	0.058705116	snake	heli	fix	v	1	0.706505327	1	16946.69178	747.4060413	1	NA	NA	NA
BCO	3	5	1.398059996	0.100933011	0.813145998	0.058705116	snake	heli	sp	v	1	0.706505327	1	16946.69178	747.4060413	1	NA	NA	NA
BCO	3	5	1.398059996	0.100933011	0.813145998	0.058705116	snake	leaf	fix	v	1	0.703600907	1	16946.69178	747.4060413	1	NA	NA	NA
BCO	3	5	1.398059996	0.100933011	0.813145998	0.058705116	snake	leaf	sp	v	1	0.703600907	1	16946.69178	747.4060413	1	NA	NA	NA
CA	8	5	0.626831596	0.03167816	0.364580637	0.018424795	bird	heli	sp	d	0.432995273	0.09317716	0.355287427	3960.718585	301.8925942	0.459268655	0.432995273	0.083806778	0.354215325
CA	8	5	0.626831596	0.03167816	0.364580637	0.018424795	bird	bark	sp	d	0.04147561	0.298040219	0.119860988	3960.718585	301.8925942	0.459268655	0.04147561	0.277423984	0.112656707
CA	8	5	0.626831596	0.03167816	0.364580637	0.018424795	bird	leaf	sp	d	0.475849577	0.487254485	0.478483843	3960.718585	301.8925942	0.459268655	0.475849577	0.477160196	0.476151563
CA	8	5	0.626831596	0.03167816	0.364580637	0.018424795	bird	bark	fix	d	0.04147561	0.298040219	0.119860988	3960.718585	301.8925942	0.459268655	NA	NA	NA
CA	8	5	0.626831596	0.03167816	0.364580637	0.018424795	bird	heli	fix	d	0.432995273	0.09317716	0.355287427	3960.718585	301.8925942	0.459268655	NA	NA	NA
CA	8	5	0.626831596	0.03167816	0.364580637	0.018424795	bird	leaf	fix	d	0.475849577	0.487254485	0.478483843	3960.718585	301.8925942	0.459268655	NA	NA	NA
CA	8	5	0.626831596	0.03167816	0.364580637	0.018424795	bird	bark	fix	v	0.820754292	0.544754924	0.839653019	8681.856378	263.2161542	0.512303905	NA	NA	NA
CA	8	5	0.626831596	0.03167816	0.364580637	0.018424795	bird	bark	sp	v	0.820754292	0.544754924	0.839653019	8681.856378	263.2161542	0.512303905	NA	NA	NA
CA	8	5	0.626831596	0.03167816	0.364580637	0.018424795	bird	heli	fix	v	0.76206158	0.614639917	0.829877204	8681.856378	263.2161542	0.512303905	NA	NA	NA
CA	8	5	0.626831596	0.03167816	0.364580637	0.018424795	bird	heli	sp	v	0.76206158	0.614639917	0.829877204	8681.856378	263.2161542	0.512303905	NA	NA	NA
CA	8	5	0.626831596	0.03167816	0.364580637	0.018424795	bird	leaf	fix	v	0.757401761	0.68315046	0.801723711	8681.856378	263.2161542	0.512303905	NA	NA	NA
CA	8	5	0.626831596	0.03167816	0.364580637	0.018424795	bird	leaf	sp	v	0.757401761	0.68315046	0.801723711	8681.856378	263.2161542	0.512303905	NA	NA	NA
CA	8	5	0.626831596	0.03167816	0.364580637	0.018424795	crab	bark	fix	d	0.198635032	0.454872629	0.260197608	3960.718585	301.8925942	0.459268655	NA	NA	NA
CA	8	5	0.626831596	0.03167816	0.364580637	0.018424795	crab	bark	sp	d	0.198635032	0.454872629	0.260197608	3960.718585	301.8925942	0.459268655	NA	NA	NA
CA	8	5	0.626831596	0.03167816	0.364580637	0.018424795	crab	heli	fix	d	0.475992657	0.101658951	0.46001422	3960.718585	301.8925942	0.459268655	NA	NA	NA
CA	8	5	0.626831596	0.03167816	0.364580637	0.018424795	crab	heli	sp	d	0.475992657	0.101658951	0.46001422	3960.718585	301.8925942	0.459268655	NA	NA	NA
CA	8	5	0.626831596	0.03167816	0.364580637	0.018424795	crab	leaf	fix	d	0.084455082	0.19070073	0.104549817	3960.718585	301.8925942	0.459268655	NA	NA	NA
CA	8	5	0.626831596	0.03167816	0.364580637	0.018424795	crab	leaf	sp	d	0.084455082	0.19070073	0.104549817	3960.718585	301.8925942	0.459268655	NA	NA	NA
CA	8	5	0.626831596	0.03167816	0.364580637	0.018424795	crab	bark	fix	v	0.701518705	1	0.766193456	8681.856378	263.2161542	0.512303905	NA	NA	NA
CA	8	5	0.626831596	0.03167816	0.364580637	0.018424795	crab	bark	sp	v	0.701518705	1	0.766193456	8681.856378	263.2161542	0.512303905	NA	NA	NA
CA	8	5	0.626831596	0.03167816	0.364580637	0.018424795	crab	heli	fix	v	0.579969918	1	0.81706159	8681.856378	263.2161542	0.512303905	NA	NA	NA
CA	8	5	0.626831596	0.03167816	0.364580637	0.018424795	crab	heli	sp	v	0.579969918	1	0.81706159	8681.856378	263.2161542	0.512303905	NA	NA	NA
CA	8	5	0.626831596	0.03167816	0.364580637	0.018424795	crab	leaf	fix	v	0.642420219	1	0.796488567	8681.856378	263.2161542	0.512303905	NA	NA	NA
CA	8	5	0.626831596	0.03167816	0.364580637	0.018424795	crab	leaf	sp	v	0.642420219	1	0.796488567	8681.856378	263.2161542	0.512303905	NA	NA	NA
CA	8	5	0.626831596	0.03167816	0.364580637	0.018424795	pumilio	bark	fix	d	0.659931743	0.742965145	0.699714028	3960.718585	301.8925942	0.459268655	NA	NA	NA
CA	8	5	0.626831596	0.03167816	0.364580637	0.018424795	pumilio	bark	sp	d	0.659931743	0.742965145	0.699714028	3960.718585	301.8925942	0.459268655	NA	NA	NA
CA	8	5	0.626831596	0.03167816	0.364580637	0.018424795	pumilio	heli	fix	d	0.5384703	0.742974284	0.640536344	3960.718585	301.8925942	0.459268655	NA	NA	NA
CA	8	5	0.626831596	0.03167816	0.364580637	0.018424795	pumilio	heli	sp	d	0.5384703	0.742974284	0.640536344	3960.718585	301.8925942	0.459268655	NA	NA	NA
CA	8	5	0.626831596	0.03167816	0.364580637	0.018424795	pumilio	leaf	fix	d	0.587865831	0.742980716	0.660433775	3960.718585	301.8925942	0.459268655	NA	NA	NA
CA	8	5	0.626831596	0.03167816	0.364580637	0.018424795	pumilio	leaf	sp	d	0.587865831	0.742980716	0.660433775	3960.718585	301.8925942	0.459268655	NA	NA	NA
CA	8	5	0.626831596	0.03167816	0.364580637	0.018424795	pumilio	bark	fix	v	0.845477013	0.998368435	0.909976992	8681.856378	263.2161542	0.512303905	NA	NA	NA
CA	8	5	0.626831596	0.03167816	0.364580637	0.018424795	pumilio	bark	sp	v	0.845477013	0.998368435	0.909976992	8681.856378	263.2161542	0.512303905	NA	NA	NA
CA	8	5	0.626831596	0.03167816	0.364580637	0.018424795	pumilio	heli	fix	v	0.803807778	0.998505362	0.910253716	8681.856378	263.2161542	0.512303905	NA	NA	NA
CA	8	5	0.626831596	0.03167816	0.364580637	0.018424795	pumilio	heli	sp	v	0.803807778	0.998505362	0.910253716	8681.856378	263.2161542	0.512303905	NA	NA	NA
CA	8	5	0.626831596	0.03167816	0.364580637	0.018424795	pumilio	leaf	fix	v	0.820087963	0.998444887	0.908961364	8681.856378	263.2161542	0.512303905	NA	NA	NA
CA	8	5	0.626831596	0.03167816	0.364580637	0.018424795	pumilio	leaf	sp	v	0.820087963	0.998444887	0.908961364	8681.856378	263.2161542	0.512303905	NA	NA	NA
CA	8	5	0.626831596	0.03167816	0.364580637	0.018424795	snake	bark	fix	d	0.720878112	0.869792473	0.723290284	3960.718585	301.8925942	0.459268655	NA	NA	NA
CA	8	5	0.626831596	0.03167816	0.364580637	0.018424795	snake	bark	sp	d	0.720878112	0.869792473	0.723290284	3960.718585	301.8925942	0.459268655	NA	NA	NA
CA	8	5	0.626831596	0.03167816	0.364580637	0.018424795	snake	heli	fix	d	0.642088484	0.871407267	0.648302175	3960.718585	301.8925942	0.459268655	NA	NA	NA
CA	8	5	0.626831596	0.03167816	0.364580637	0.018424795	snake	heli	sp	d	0.642088484	0.871407267	0.648302175	3960.718585	301.8925942	0.459268655	NA	NA	NA
CA	8	5	0.626831596	0.03167816	0.364580637	0.018424795	snake	leaf	fix	d	0.673372426	0.870825047	0.677770919	3960.718585	301.8925942	0.459268655	NA	NA	NA
CA	8	5	0.626831596	0.03167816	0.364580637	0.018424795	snake	leaf	sp	d	0.673372426	0.870825047	0.677770919	3960.718585	301.8925942	0.459268655	NA	NA	NA
CA	8	5	0.626831596	0.03167816	0.364580637	0.018424795	snake	bark	fix	v	0.888489537	1	0.893575811	8681.856378	263.2161542	0.512303905	NA	NA	NA
CA	8	5	0.626831596	0.03167816	0.364580637	0.018424795	snake	bark	sp	v	0.888489537	1	0.893575811	8681.856378	263.2161542	0.512303905	NA	NA	NA
CA	8	5	0.626831596	0.03167816	0.364580637	0.018424795	snake	heli	fix	v	0.863144752	1	0.871344357	8681.856378	263.2161542	0.512303905	NA	NA	NA
CA	8	5	0.626831596	0.03167816	0.364580637	0.018424795	snake	heli	sp	v	0.863144752	1	0.871344357	8681.856378	263.2161542	0.512303905	NA	NA	NA
CA	8	5	0.626831596	0.03167816	0.364580637	0.018424795	snake	leaf	fix	v	0.872943348	1	0.879832464	8681.856378	263.2161542	0.512303905	NA	NA	NA
CA	8	5	0.626831596	0.03167816	0.364580637	0.018424795	snake	leaf	sp	v	0.872943348	1	0.879832464	8681.856378	263.2161542	0.512303905	NA	NA	NA
CO	10	4	0.360050146	0.051502943	0.209414	0.029955375	bird	heli	sp	d	0.017949766	0.08399901	0.051274348	5239.187742	777.0138298	0.607514686	0.017949766	0.081414079	0.049892901
CO	10	4	0.360050146	0.051502943	0.209414	0.029955375	bird	bark	sp	d	0.343110812	0.169909578	0.323766612	5239.187742	777.0138298	0.607514686	0.343110812	0.142414823	0.321740353
CO	10	4	0.360050146	0.051502943	0.209414	0.029955375	bird	leaf	sp	d	0.011418844	0.357053646	0.17111096	5239.187742	777.0138298	0.607514686	0.011418844	0.34843453	0.167465304
CO	10	4	0.360050146	0.051502943	0.209414	0.029955375	bird	bark	fix	d	0.343110812	0.169909578	0.323766612	5239.187742	777.0138298	0.607514686	NA	NA	NA
CO	10	4	0.360050146	0.051502943	0.209414	0.029955375	bird	heli	fix	d	0.017949766	0.08399901	0.051274348	5239.187742	777.0138298	0.607514686	NA	NA	NA
CO	10	4	0.360050146	0.051502943	0.209414	0.029955375	bird	leaf	fix	d	0.011418844	0.357053646	0.17111096	5239.187742	777.0138298	0.607514686	NA	NA	NA
CO	10	4	0.360050146	0.051502943	0.209414	0.029955375	bird	bark	fix	v	0.92680549	0.515248291	0.940822208	10521.33698	765.16684	0.620849019	NA	NA	NA
CO	10	4	0.360050146	0.051502943	0.209414	0.029955375	bird	bark	sp	v	0.92680549	0.515248291	0.940822208	10521.33698	765.16684	0.620849019	NA	NA	NA
CO	10	4	0.360050146	0.051502943	0.209414	0.029955375	bird	heli	fix	v	0.902838476	0.593448821	0.956460861	10521.33698	765.16684	0.620849019	NA	NA	NA
CO	10	4	0.360050146	0.051502943	0.209414	0.029955375	bird	heli	sp	v	0.902838476	0.593448821	0.956460861	10521.33698	765.16684	0.620849019	NA	NA	NA
CO	10	4	0.360050146	0.051502943	0.209414	0.029955375	bird	leaf	fix	v	0.900935651	0.63685802	0.930016077	10521.33698	765.16684	0.620849019	NA	NA	NA
CO	10	4	0.360050146	0.051502943	0.209414	0.029955375	bird	leaf	sp	v	0.900935651	0.63685802	0.930016077	10521.33698	765.16684	0.620849019	NA	NA	NA
CO	10	4	0.360050146	0.051502943	0.209414	0.029955375	crab	bark	fix	d	0.446046427	0.292682552	0.458957752	5239.187742	777.0138298	0.607514686	NA	NA	NA
CO	10	4	0.360050146	0.051502943	0.209414	0.029955375	crab	bark	sp	d	0.446046427	0.292682552	0.458957752	5239.187742	777.0138298	0.607514686	NA	NA	NA
CO	10	4	0.360050146	0.051502943	0.209414	0.029955375	crab	heli	fix	d	0.020298414	0.165621709	0.068685941	5239.187742	777.0138298	0.607514686	NA	NA	NA
CO	10	4	0.360050146	0.051502943	0.209414	0.029955375	crab	heli	sp	d	0.020298414	0.165621709	0.068685941	5239.187742	777.0138298	0.607514686	NA	NA	NA
CO	10	4	0.360050146	0.051502943	0.209414	0.029955375	crab	leaf	fix	d	0.25035684	0.050087603	0.247246386	5239.187742	777.0138298	0.607514686	NA	NA	NA
CO	10	4	0.360050146	0.051502943	0.209414	0.029955375	crab	leaf	sp	d	0.25035684	0.050087603	0.247246386	5239.187742	777.0138298	0.607514686	NA	NA	NA
CO	10	4	0.360050146	0.051502943	0.209414	0.029955375	crab	bark	fix	v	0.777733677	0.895416794	0.824013545	10521.33698	765.16684	0.620849019	NA	NA	NA
CO	10	4	0.360050146	0.051502943	0.209414	0.029955375	crab	bark	sp	v	0.777733677	0.895416794	0.824013545	10521.33698	765.16684	0.620849019	NA	NA	NA
CO	10	4	0.360050146	0.051502943	0.209414	0.029955375	crab	heli	fix	v	0.687221465	0.918937382	0.867158219	10521.33698	765.16684	0.620849019	NA	NA	NA
CO	10	4	0.360050146	0.051502943	0.209414	0.029955375	crab	heli	sp	v	0.687221465	0.918937382	0.867158219	10521.33698	765.16684	0.620849019	NA	NA	NA
CO	10	4	0.360050146	0.051502943	0.209414	0.029955375	crab	leaf	fix	v	0.733725548	0.915718819	0.85095644	10521.33698	765.16684	0.620849019	NA	NA	NA
CO	10	4	0.360050146	0.051502943	0.209414	0.029955375	crab	leaf	sp	v	0.733725548	0.915718819	0.85095644	10521.33698	765.16684	0.620849019	NA	NA	NA
CO	10	4	0.360050146	0.051502943	0.209414	0.029955375	pumilio	bark	fix	d	0.765486662	0.788531744	0.796878635	5239.187742	777.0138298	0.607514686	NA	NA	NA
CO	10	4	0.360050146	0.051502943	0.209414	0.029955375	pumilio	bark	sp	d	0.765486662	0.788531744	0.796878635	5239.187742	777.0138298	0.607514686	NA	NA	NA
CO	10	4	0.360050146	0.051502943	0.209414	0.029955375	pumilio	heli	fix	d	0.681726041	0.788546857	0.756062279	5239.187742	777.0138298	0.607514686	NA	NA	NA
CO	10	4	0.360050146	0.051502943	0.209414	0.029955375	pumilio	heli	sp	d	0.681726041	0.788546857	0.756062279	5239.187742	777.0138298	0.607514686	NA	NA	NA
CO	10	4	0.360050146	0.051502943	0.209414	0.029955375	pumilio	leaf	fix	d	0.715789529	0.78854881	0.770145103	5239.187742	777.0138298	0.607514686	NA	NA	NA
CO	10	4	0.360050146	0.051502943	0.209414	0.029955375	pumilio	leaf	sp	d	0.715789529	0.78854881	0.770145103	5239.187742	777.0138298	0.607514686	NA	NA	NA
CO	10	4	0.360050146	0.051502943	0.209414	0.029955375	pumilio	bark	fix	v	0.887628592	0.985455957	0.944595138	10521.33698	765.16684	0.620849019	NA	NA	NA
CO	10	4	0.360050146	0.051502943	0.209414	0.029955375	pumilio	bark	sp	v	0.887628592	0.985455957	0.944595138	10521.33698	765.16684	0.620849019	NA	NA	NA
CO	10	4	0.360050146	0.051502943	0.209414	0.029955375	pumilio	heli	fix	v	0.857326106	0.985575796	0.949811469	10521.33698	765.16684	0.620849019	NA	NA	NA
CO	10	4	0.360050146	0.051502943	0.209414	0.029955375	pumilio	heli	sp	v	0.857326106	0.985575796	0.949811469	10521.33698	765.16684	0.620849019	NA	NA	NA
CO	10	4	0.360050146	0.051502943	0.209414	0.029955375	pumilio	leaf	fix	v	0.869165299	0.985523371	0.946856365	10521.33698	765.16684	0.620849019	NA	NA	NA
CO	10	4	0.360050146	0.051502943	0.209414	0.029955375	pumilio	leaf	sp	v	0.869165299	0.985523371	0.946856365	10521.33698	765.16684	0.620849019	NA	NA	NA
CO	10	4	0.360050146	0.051502943	0.209414	0.029955375	snake	bark	fix	d	0.809830582	0.905716203	0.811475721	5239.187742	777.0138298	0.607514686	NA	NA	NA
CO	10	4	0.360050146	0.051502943	0.209414	0.029955375	snake	bark	sp	d	0.809830582	0.905716203	0.811475721	5239.187742	777.0138298	0.607514686	NA	NA	NA
CO	10	4	0.360050146	0.051502943	0.209414	0.029955375	snake	heli	fix	d	0.75615017	0.906888749	0.760199888	5239.187742	777.0138298	0.607514686	NA	NA	NA
CO	10	4	0.360050146	0.051502943	0.209414	0.029955375	snake	heli	sp	d	0.75615017	0.906888749	0.760199888	5239.187742	777.0138298	0.607514686	NA	NA	NA
CO	10	4	0.360050146	0.051502943	0.209414	0.029955375	snake	leaf	fix	d	0.777464332	0.906466471	0.78038064	5239.187742	777.0138298	0.607514686	NA	NA	NA
CO	10	4	0.360050146	0.051502943	0.209414	0.029955375	snake	leaf	sp	d	0.777464332	0.906466471	0.78038064	5239.187742	777.0138298	0.607514686	NA	NA	NA
CO	10	4	0.360050146	0.051502943	0.209414	0.029955375	snake	bark	fix	v	0.922511874	0.973716372	0.926759615	10521.33698	765.16684	0.620849019	NA	NA	NA
CO	10	4	0.360050146	0.051502943	0.209414	0.029955375	snake	bark	sp	v	0.922511874	0.973716372	0.926759615	10521.33698	765.16684	0.620849019	NA	NA	NA
CO	10	4	0.360050146	0.051502943	0.209414	0.029955375	snake	heli	fix	v	0.904899895	0.974136716	0.911633439	10521.33698	765.16684	0.620849019	NA	NA	NA
CO	10	4	0.360050146	0.051502943	0.209414	0.029955375	snake	heli	sp	v	0.904899895	0.974136716	0.911633439	10521.33698	765.16684	0.620849019	NA	NA	NA
CO	10	4	0.360050146	0.051502943	0.209414	0.029955375	snake	leaf	fix	v	0.911708896	0.973982419	0.917403003	10521.33698	765.16684	0.620849019	NA	NA	NA
CO	10	4	0.360050146	0.051502943	0.209414	0.029955375	snake	leaf	sp	v	0.911708896	0.973982419	0.917403003	10521.33698	765.16684	0.620849019	NA	NA	NA
PoSo	9	4	0.504582541	0.039401341	0.293477587	0.022916787	bird	heli	sp	d	0.232489557	0.124254696	0.202047833	4194.916607	270.0793405	0.486425295	0.232489557	0.124283122	0.201951887
PoSo	9	4	0.504582541	0.039401341	0.293477587	0.022916787	bird	bark	sp	d	0.175593023	0.256554745	0.189505767	4194.916607	270.0793405	0.486425295	0.175593023	0.244343376	0.187196578
PoSo	9	4	0.504582541	0.039401341	0.293477587	0.022916787	bird	leaf	sp	d	0.269347657	0.486504416	0.331835832	4194.916607	270.0793405	0.486425295	0.269347657	0.48176381	0.33056238
PoSo	9	4	0.504582541	0.039401341	0.293477587	0.022916787	bird	bark	fix	d	0.175593023	0.256554745	0.189505767	4194.916607	270.0793405	0.486425295	NA	NA	NA
PoSo	9	4	0.504582541	0.039401341	0.293477587	0.022916787	bird	heli	fix	d	0.232489557	0.124254696	0.202047833	4194.916607	270.0793405	0.486425295	NA	NA	NA
PoSo	9	4	0.504582541	0.039401341	0.293477587	0.022916787	bird	leaf	fix	d	0.269347657	0.486504416	0.331835832	4194.916607	270.0793405	0.486425295	NA	NA	NA
PoSo	9	4	0.504582541	0.039401341	0.293477587	0.022916787	bird	bark	fix	v	0.865976122	0.40577465	0.874382919	9900.668783	650.9375583	0.584224279	NA	NA	NA
PoSo	9	4	0.504582541	0.039401341	0.293477587	0.022916787	bird	bark	sp	v	0.865976122	0.40577465	0.874382919	9900.668783	650.9375583	0.584224279	NA	NA	NA
PoSo	9	4	0.504582541	0.039401341	0.293477587	0.022916787	bird	heli	fix	v	0.822090971	0.490981702	0.862363556	9900.668783	650.9375583	0.584224279	NA	NA	NA
PoSo	9	4	0.504582541	0.039401341	0.293477587	0.022916787	bird	heli	sp	v	0.822090971	0.490981702	0.862363556	9900.668783	650.9375583	0.584224279	NA	NA	NA
PoSo	9	4	0.504582541	0.039401341	0.293477587	0.022916787	bird	leaf	fix	v	0.818606776	0.554320455	0.84217261	9900.668783	650.9375583	0.584224279	NA	NA	NA
PoSo	9	4	0.504582541	0.039401341	0.293477587	0.022916787	bird	leaf	sp	v	0.818606776	0.554320455	0.84217261	9900.668783	650.9375583	0.584224279	NA	NA	NA
PoSo	9	4	0.504582541	0.039401341	0.293477587	0.022916787	crab	bark	fix	d	0.349387965	0.161082247	0.354412165	4194.916607	270.0793405	0.486425295	NA	NA	NA
PoSo	9	4	0.504582541	0.039401341	0.293477587	0.022916787	crab	bark	sp	d	0.349387965	0.161082247	0.354412165	4194.916607	270.0793405	0.486425295	NA	NA	NA
PoSo	9	4	0.504582541	0.039401341	0.293477587	0.022916787	crab	heli	fix	d	0.198328633	0.382492045	0.244089325	4194.916607	270.0793405	0.486425295	NA	NA	NA
PoSo	9	4	0.504582541	0.039401341	0.293477587	0.022916787	crab	heli	sp	d	0.198328633	0.382492045	0.244089325	4194.916607	270.0793405	0.486425295	NA	NA	NA
PoSo	9	4	0.504582541	0.039401341	0.293477587	0.022916787	crab	leaf	fix	d	0.119552818	0.245462182	0.143224578	4194.916607	270.0793405	0.486425295	NA	NA	NA
PoSo	9	4	0.504582541	0.039401341	0.293477587	0.022916787	crab	leaf	sp	d	0.119552818	0.245462182	0.143224578	4194.916607	270.0793405	0.486425295	NA	NA	NA
PoSo	9	4	0.504582541	0.039401341	0.293477587	0.022916787	crab	bark	fix	v	0.775647816	0.800003036	0.812209421	9900.668783	650.9375583	0.584224279	NA	NA	NA
PoSo	9	4	0.504582541	0.039401341	0.293477587	0.022916787	crab	bark	sp	v	0.775647816	0.800003036	0.812209421	9900.668783	650.9375583	0.584224279	NA	NA	NA
PoSo	9	4	0.504582541	0.039401341	0.293477587	0.022916787	crab	heli	fix	v	0.684286191	0.844982019	0.839479952	9900.668783	650.9375583	0.584224279	NA	NA	NA
PoSo	9	4	0.504582541	0.039401341	0.293477587	0.022916787	crab	heli	sp	v	0.684286191	0.844982019	0.839479952	9900.668783	650.9375583	0.584224279	NA	NA	NA
PoSo	9	4	0.504582541	0.039401341	0.293477587	0.022916787	crab	leaf	fix	v	0.731226692	0.838827084	0.830978163	9900.668783	650.9375583	0.584224279	NA	NA	NA
PoSo	9	4	0.504582541	0.039401341	0.293477587	0.022916787	crab	leaf	sp	v	0.731226692	0.838827084	0.830978163	9900.668783	650.9375583	0.584224279	NA	NA	NA
PoSo	9	4	0.504582541	0.039401341	0.293477587	0.022916787	pumilio	bark	fix	d	0.722359767	0.781669192	0.759425116	4194.916607	270.0793405	0.486425295	NA	NA	NA
PoSo	9	4	0.504582541	0.039401341	0.293477587	0.022916787	pumilio	bark	sp	d	0.722359767	0.781669192	0.759425116	4194.916607	270.0793405	0.486425295	NA	NA	NA
PoSo	9	4	0.504582541	0.039401341	0.293477587	0.022916787	pumilio	heli	fix	d	0.623195607	0.781709517	0.71245655	4194.916607	270.0793405	0.486425295	NA	NA	NA
PoSo	9	4	0.504582541	0.039401341	0.293477587	0.022916787	pumilio	heli	sp	d	0.623195607	0.781709517	0.71245655	4194.916607	270.0793405	0.486425295	NA	NA	NA
PoSo	9	4	0.504582541	0.039401341	0.293477587	0.022916787	pumilio	leaf	fix	d	0.663523354	0.781700598	0.728397356	4194.916607	270.0793405	0.486425295	NA	NA	NA
PoSo	9	4	0.504582541	0.039401341	0.293477587	0.022916787	pumilio	leaf	sp	d	0.663523354	0.781700598	0.728397356	4194.916607	270.0793405	0.486425295	NA	NA	NA
PoSo	9	4	0.504582541	0.039401341	0.293477587	0.022916787	pumilio	bark	fix	v	0.884479811	0.924662045	0.931900849	9900.668783	650.9375583	0.584224279	NA	NA	NA
PoSo	9	4	0.504582541	0.039401341	0.293477587	0.022916787	pumilio	bark	sp	v	0.884479811	0.924662045	0.931900849	9900.668783	650.9375583	0.584224279	NA	NA	NA
PoSo	9	4	0.504582541	0.039401341	0.293477587	0.022916787	pumilio	heli	fix	v	0.853328214	0.92478146	0.931213652	9900.668783	650.9375583	0.584224279	NA	NA	NA
PoSo	9	4	0.504582541	0.039401341	0.293477587	0.022916787	pumilio	heli	sp	v	0.853328214	0.92478146	0.931213652	9900.668783	650.9375583	0.584224279	NA	NA	NA
PoSo	9	4	0.504582541	0.039401341	0.293477587	0.022916787	pumilio	leaf	fix	v	0.865499155	0.92473152	0.930633985	9900.668783	650.9375583	0.584224279	NA	NA	NA
PoSo	9	4	0.504582541	0.039401341	0.293477587	0.022916787	pumilio	leaf	sp	v	0.865499155	0.92473152	0.930633985	9900.668783	650.9375583	0.584224279	NA	NA	NA
PoSo	9	4	0.504582541	0.039401341	0.293477587	0.022916787	snake	bark	fix	d	0.775966824	0.931116421	0.778483979	4194.916607	270.0793405	0.486425295	NA	NA	NA
PoSo	9	4	0.504582541	0.039401341	0.293477587	0.022916787	snake	bark	sp	d	0.775966824	0.931116421	0.778483979	4194.916607	270.0793405	0.486425295	NA	NA	NA
PoSo	9	4	0.504582541	0.039401341	0.293477587	0.022916787	snake	heli	fix	d	0.712727461	0.932611543	0.718636317	4194.916607	270.0793405	0.486425295	NA	NA	NA
PoSo	9	4	0.504582541	0.039401341	0.293477587	0.022916787	snake	heli	sp	d	0.712727461	0.932611543	0.718636317	4194.916607	270.0793405	0.486425295	NA	NA	NA
PoSo	9	4	0.504582541	0.039401341	0.293477587	0.022916787	snake	leaf	fix	d	0.737837067	0.932058234	0.742154502	4194.916607	270.0793405	0.486425295	NA	NA	NA
PoSo	9	4	0.504582541	0.039401341	0.293477587	0.022916787	snake	leaf	sp	d	0.737837067	0.932058234	0.742154502	4194.916607	270.0793405	0.486425295	NA	NA	NA
PoSo	9	4	0.504582541	0.039401341	0.293477587	0.022916787	snake	bark	fix	v	0.919000818	0.951556152	0.922949096	9900.668783	650.9375583	0.584224279	NA	NA	NA
PoSo	9	4	0.504582541	0.039401341	0.293477587	0.022916787	snake	bark	sp	v	0.919000818	0.951556152	0.922949096	9900.668783	650.9375583	0.584224279	NA	NA	NA
PoSo	9	4	0.504582541	0.039401341	0.293477587	0.022916787	snake	heli	fix	v	0.900590825	0.952833594	0.906892494	9900.668783	650.9375583	0.584224279	NA	NA	NA
PoSo	9	4	0.504582541	0.039401341	0.293477587	0.022916787	snake	heli	sp	v	0.900590825	0.952833594	0.906892494	9900.668783	650.9375583	0.584224279	NA	NA	NA
PoSo	9	4	0.504582541	0.039401341	0.293477587	0.022916787	snake	leaf	fix	v	0.907708348	0.952355287	0.913023368	9900.668783	650.9375583	0.584224279	NA	NA	NA
PoSo	9	4	0.504582541	0.039401341	0.293477587	0.022916787	snake	leaf	sp	v	0.907708348	0.952355287	0.913023368	9900.668783	650.9375583	0.584224279	NA	NA	NA
saline	NA	5	0.337734972	0.043904904	0.196434947	0.025536169	NA	NA	fix	NA	NA	NA	NA	NA	NA	NA	NA	NA	NA
saline	NA	5	0.337734972	0.043904904	0.196434947	0.025536169	NA	NA	fix	NA	NA	NA	NA	NA	NA	NA	NA	NA	NA
saline	NA	5	0.337734972	0.043904904	0.196434947	0.025536169	NA	NA	fix	NA	NA	NA	NA	NA	NA	NA	NA	NA	NA
saline	NA	5	0.337734972	0.043904904	0.196434947	0.025536169	NA	NA	fix	NA	NA	NA	NA	NA	NA	NA	NA	NA	NA
saline	NA	5	0.337734972	0.043904904	0.196434947	0.025536169	NA	NA	fix	NA	NA	NA	NA	NA	NA	NA	NA	NA	NA
saline	NA	5	0.337734972	0.043904904	0.196434947	0.025536169	NA	NA	fix	NA	NA	NA	NA	NA	NA	NA	NA	NA	NA
saline	NA	5	0.337734972	0.043904904	0.196434947	0.025536169	NA	NA	fix	NA	NA	NA	NA	NA	NA	NA	NA	NA	NA
saline	NA	5	0.337734972	0.043904904	0.196434947	0.025536169	NA	NA	fix	NA	NA	NA	NA	NA	NA	NA	NA	NA	NA
saline	NA	5	0.337734972	0.043904904	0.196434947	0.025536169	NA	NA	fix	NA	NA	NA	NA	NA	NA	NA	NA	NA	NA
saline	NA	5	0.337734972	0.043904904	0.196434947	0.025536169	NA	NA	fix	NA	NA	NA	NA	NA	NA	NA	NA	NA	NA
saline	NA	5	0.337734972	0.043904904	0.196434947	0.025536169	NA	NA	fix	NA	NA	NA	NA	NA	NA	NA	NA	NA	NA
saline	NA	5	0.337734972	0.043904904	0.196434947	0.025536169	NA	NA	fix	NA	NA	NA	NA	NA	NA	NA	NA	NA	NA
saline	NA	5	0.337734972	0.043904904	0.196434947	0.025536169	NA	NA	fix	NA	NA	NA	NA	NA	NA	NA	NA	NA	NA
saline	NA	5	0.337734972	0.043904904	0.196434947	0.025536169	NA	NA	fix	NA	NA	NA	NA	NA	NA	NA	NA	NA	NA
saline	NA	5	0.337734972	0.043904904	0.196434947	0.025536169	NA	NA	fix	NA	NA	NA	NA	NA	NA	NA	NA	NA	NA
saline	NA	5	0.337734972	0.043904904	0.196434947	0.025536169	NA	NA	fix	NA	NA	NA	NA	NA	NA	NA	NA	NA	NA
saline	NA	5	0.337734972	0.043904904	0.196434947	0.025536169	NA	NA	fix	NA	NA	NA	NA	NA	NA	NA	NA	NA	NA
saline	NA	5	0.337734972	0.043904904	0.196434947	0.025536169	NA	NA	fix	NA	NA	NA	NA	NA	NA	NA	NA	NA	NA
saline	NA	5	0.337734972	0.043904904	0.196434947	0.025536169	NA	NA	fix	NA	NA	NA	NA	NA	NA	NA	NA	NA	NA
saline	NA	5	0.337734972	0.043904904	0.196434947	0.025536169	NA	NA	fix	NA	NA	NA	NA	NA	NA	NA	NA	NA	NA
saline	NA	5	0.337734972	0.043904904	0.196434947	0.025536169	NA	NA	fix	NA	NA	NA	NA	NA	NA	NA	NA	NA	NA
saline	NA	5	0.337734972	0.043904904	0.196434947	0.025536169	NA	NA	fix	NA	NA	NA	NA	NA	NA	NA	NA	NA	NA
saline	NA	5	0.337734972	0.043904904	0.196434947	0.025536169	NA	NA	fix	NA	NA	NA	NA	NA	NA	NA	NA	NA	NA
saline	NA	5	0.337734972	0.043904904	0.196434947	0.025536169	NA	NA	fix	NA	NA	NA	NA	NA	NA	NA	NA	NA	NA
SC	5	5	1.062963653	0.10683504	0.618245742	0.062137881	bird	leaf	sp	d	0.394153739	0.396662105	0.394729243	5735.2976	450.319848	0.665041547	0.394153739	0.39352894	0.394010016
SC	5	5	1.062963653	0.10683504	0.618245742	0.062137881	bird	bark	sp	d	0.606519237	0.524435023	0.595304865	5735.2976	450.319848	0.665041547	0.606519237	0.519138343	0.59457848
SC	5	5	1.062963653	0.10683504	0.618245742	0.062137881	bird	heli	sp	d	0.411745722	0.5561416	0.466277049	5735.2976	450.319848	0.665041547	0.411745722	0.555621148	0.466223691
SC	5	5	1.062963653	0.10683504	0.618245742	0.062137881	bird	bark	fix	d	0.606519237	0.524435023	0.595304865	5735.2976	450.319848	0.665041547	NA	NA	NA
SC	5	5	1.062963653	0.10683504	0.618245742	0.062137881	bird	heli	fix	d	0.411745722	0.5561416	0.466277049	5735.2976	450.319848	0.665041547	NA	NA	NA
SC	5	5	1.062963653	0.10683504	0.618245742	0.062137881	bird	leaf	fix	d	0.394153739	0.396662105	0.394729243	5735.2976	450.319848	0.665041547	NA	NA	NA
SC	5	5	1.062963653	0.10683504	0.618245742	0.062137881	bird	bark	fix	v	0.836354085	0.651388869	0.863888678	8981.52725	802.1229311	0.529987054	NA	NA	NA
SC	5	5	1.062963653	0.10683504	0.618245742	0.062137881	bird	bark	sp	v	0.836354085	0.651388869	0.863888678	8981.52725	802.1229311	0.529987054	NA	NA	NA
SC	5	5	1.062963653	0.10683504	0.618245742	0.062137881	bird	heli	fix	v	0.782769413	0.68340355	0.864034551	8981.52725	802.1229311	0.529987054	NA	NA	NA
SC	5	5	1.062963653	0.10683504	0.618245742	0.062137881	bird	heli	sp	v	0.782769413	0.68340355	0.864034551	8981.52725	802.1229311	0.529987054	NA	NA	NA
SC	5	5	1.062963653	0.10683504	0.618245742	0.062137881	bird	leaf	fix	v	0.778515139	0.579684684	0.807244721	8981.52725	802.1229311	0.529987054	NA	NA	NA
SC	5	5	1.062963653	0.10683504	0.618245742	0.062137881	bird	leaf	sp	v	0.778515139	0.579684684	0.807244721	8981.52725	802.1229311	0.529987054	NA	NA	NA
SC	5	5	1.062963653	0.10683504	0.618245742	0.062137881	crab	bark	fix	d	0.32330089	0.490564615	0.370639979	5735.2976	450.319848	0.665041547	NA	NA	NA
SC	5	5	1.062963653	0.10683504	0.618245742	0.062137881	crab	bark	sp	d	0.32330089	0.490564615	0.370639979	5735.2976	450.319848	0.665041547	NA	NA	NA
SC	5	5	1.062963653	0.10683504	0.618245742	0.062137881	crab	heli	fix	d	0.246377066	0.160477455	0.245617162	5735.2976	450.319848	0.665041547	NA	NA	NA
SC	5	5	1.062963653	0.10683504	0.618245742	0.062137881	crab	heli	sp	d	0.246377066	0.160477455	0.245617162	5735.2976	450.319848	0.665041547	NA	NA	NA
SC	5	5	1.062963653	0.10683504	0.618245742	0.062137881	crab	leaf	fix	d	0.084250225	0.243689261	0.1158981	5735.2976	450.319848	0.665041547	NA	NA	NA
SC	5	5	1.062963653	0.10683504	0.618245742	0.062137881	crab	leaf	sp	d	0.084250225	0.243689261	0.1158981	5735.2976	450.319848	0.665041547	NA	NA	NA
SC	5	5	1.062963653	0.10683504	0.618245742	0.062137881	crab	bark	fix	v	0.473259806	0.061248018	0.471424416	8981.52725	802.1229311	0.529987054	NA	NA	NA
SC	5	5	1.062963653	0.10683504	0.618245742	0.062137881	crab	bark	sp	v	0.473259806	0.061248018	0.471424416	8981.52725	802.1229311	0.529987054	NA	NA	NA
SC	5	5	1.062963653	0.10683504	0.618245742	0.062137881	crab	heli	fix	v	0.258758485	0.177424889	0.278171568	8981.52725	802.1229311	0.529987054	NA	NA	NA
SC	5	5	1.062963653	0.10683504	0.618245742	0.062137881	crab	heli	sp	v	0.258758485	0.177424889	0.278171568	8981.52725	802.1229311	0.529987054	NA	NA	NA
SC	5	5	1.062963653	0.10683504	0.618245742	0.062137881	crab	leaf	fix	v	0.368966677	0.144764832	0.375101293	8981.52725	802.1229311	0.529987054	NA	NA	NA
SC	5	5	1.062963653	0.10683504	0.618245742	0.062137881	crab	leaf	sp	v	0.368966677	0.144764832	0.375101293	8981.52725	802.1229311	0.529987054	NA	NA	NA
SC	5	5	1.062963653	0.10683504	0.618245742	0.062137881	pumilio	bark	fix	d	0.732333319	0.803232135	0.772097794	5735.2976	450.319848	0.665041547	NA	NA	NA
SC	5	5	1.062963653	0.10683504	0.618245742	0.062137881	pumilio	bark	sp	d	0.732333319	0.803232135	0.772097794	5735.2976	450.319848	0.665041547	NA	NA	NA
SC	5	5	1.062963653	0.10683504	0.618245742	0.062137881	pumilio	heli	fix	d	0.636731391	0.803194475	0.729550711	5735.2976	450.319848	0.665041547	NA	NA	NA
SC	5	5	1.062963653	0.10683504	0.618245742	0.062137881	pumilio	heli	sp	d	0.636731391	0.803194475	0.729550711	5735.2976	450.319848	0.665041547	NA	NA	NA
SC	5	5	1.062963653	0.10683504	0.618245742	0.062137881	pumilio	leaf	fix	d	0.675610462	0.803219156	0.743799848	5735.2976	450.319848	0.665041547	NA	NA	NA
SC	5	5	1.062963653	0.10683504	0.618245742	0.062137881	pumilio	leaf	sp	d	0.675610462	0.803219156	0.743799848	5735.2976	450.319848	0.665041547	NA	NA	NA
SC	5	5	1.062963653	0.10683504	0.618245742	0.062137881	pumilio	bark	fix	v	0.740286439	0.818714608	0.787269451	8981.52725	802.1229311	0.529987054	NA	NA	NA
SC	5	5	1.062963653	0.10683504	0.618245742	0.062137881	pumilio	bark	sp	v	0.740286439	0.818714608	0.787269451	8981.52725	802.1229311	0.529987054	NA	NA	NA
SC	5	5	1.062963653	0.10683504	0.618245742	0.062137881	pumilio	heli	fix	v	0.670251128	0.818682318	0.755243014	8981.52725	802.1229311	0.529987054	NA	NA	NA
SC	5	5	1.062963653	0.10683504	0.618245742	0.062137881	pumilio	heli	sp	v	0.670251128	0.818682318	0.755243014	8981.52725	802.1229311	0.529987054	NA	NA	NA
SC	5	5	1.062963653	0.10683504	0.618245742	0.062137881	pumilio	leaf	fix	v	0.69761395	0.818703453	0.766170767	8981.52725	802.1229311	0.529987054	NA	NA	NA
SC	5	5	1.062963653	0.10683504	0.618245742	0.062137881	pumilio	leaf	sp	v	0.69761395	0.818703453	0.766170767	8981.52725	802.1229311	0.529987054	NA	NA	NA
SC	5	5	1.062963653	0.10683504	0.618245742	0.062137881	snake	bark	fix	d	0.760321618	0.857216665	0.76196521	5735.2976	450.319848	0.665041547	NA	NA	NA
SC	5	5	1.062963653	0.10683504	0.618245742	0.062137881	snake	bark	sp	d	0.760321618	0.857216665	0.76196521	5735.2976	450.319848	0.665041547	NA	NA	NA
SC	5	5	1.062963653	0.10683504	0.618245742	0.062137881	snake	heli	fix	d	0.692665976	0.859242385	0.697121645	5735.2976	450.319848	0.665041547	NA	NA	NA
SC	5	5	1.062963653	0.10683504	0.618245742	0.062137881	snake	heli	sp	d	0.692665976	0.859242385	0.697121645	5735.2976	450.319848	0.665041547	NA	NA	NA
SC	5	5	1.062963653	0.10683504	0.618245742	0.062137881	snake	leaf	fix	d	0.719529096	0.858505863	0.722639024	5735.2976	450.319848	0.665041547	NA	NA	NA
SC	5	5	1.062963653	0.10683504	0.618245742	0.062137881	snake	leaf	sp	d	0.719529096	0.858505863	0.722639024	5735.2976	450.319848	0.665041547	NA	NA	NA
SC	5	5	1.062963653	0.10683504	0.618245742	0.062137881	snake	bark	fix	v	0.76475442	0.739806138	0.767274311	8981.52725	802.1229311	0.529987054	NA	NA	NA
SC	5	5	1.062963653	0.10683504	0.618245742	0.062137881	snake	bark	sp	v	0.76475442	0.739806138	0.767274311	8981.52725	802.1229311	0.529987054	NA	NA	NA
SC	5	5	1.062963653	0.10683504	0.618245742	0.062137881	snake	heli	fix	v	0.711286355	0.743669179	0.716053414	8981.52725	802.1229311	0.529987054	NA	NA	NA
SC	5	5	1.062963653	0.10683504	0.618245742	0.062137881	snake	heli	sp	v	0.711286355	0.743669179	0.716053414	8981.52725	802.1229311	0.529987054	NA	NA	NA
SC	5	5	1.062963653	0.10683504	0.618245742	0.062137881	snake	leaf	fix	v	0.731957747	0.742250795	0.735732225	8981.52725	802.1229311	0.529987054	NA	NA	NA
SC	5	5	1.062963653	0.10683504	0.618245742	0.062137881	snake	leaf	sp	v	0.731957747	0.742250795	0.735732225	8981.52725	802.1229311	0.529987054	NA	NA	NA
SH	7	5	0.66546895	0.064287492	0.38705307	0.037391183	bird	heli	sp	d	0.352180829	0.090947159	0.290470923	3981.174935	302.9957155	0.461640689	0.352180829	0.084731065	0.289611096
SH	7	5	0.66546895	0.064287492	0.38705307	0.037391183	bird	bark	sp	d	0.095532045	0.197914489	0.116138584	3981.174935	302.9957155	0.461640689	0.095532045	0.171168101	0.109852962
SH	7	5	0.66546895	0.064287492	0.38705307	0.037391183	bird	leaf	sp	d	0.392618345	0.275000465	0.36902189	3981.174935	302.9957155	0.461640689	0.392618345	0.262184045	0.366729579
SH	7	5	0.66546895	0.064287492	0.38705307	0.037391183	bird	bark	fix	d	0.095532045	0.197914489	0.116138584	3981.174935	302.9957155	0.461640689	NA	NA	NA
SH	7	5	0.66546895	0.064287492	0.38705307	0.037391183	bird	heli	fix	d	0.352180829	0.090947159	0.290470923	3981.174935	302.9957155	0.461640689	NA	NA	NA
SH	7	5	0.66546895	0.064287492	0.38705307	0.037391183	bird	leaf	fix	d	0.392618345	0.275000465	0.36902189	3981.174935	302.9957155	0.461640689	NA	NA	NA
SH	7	5	0.66546895	0.064287492	0.38705307	0.037391183	bird	bark	fix	v	0.506765314	0.189598531	0.509232186	6085.983019	370.3735086	0.359125138	NA	NA	NA
SH	7	5	0.66546895	0.064287492	0.38705307	0.037391183	bird	bark	sp	v	0.506765314	0.189598531	0.509232186	6085.983019	370.3735086	0.359125138	NA	NA	NA
SH	7	5	0.66546895	0.064287492	0.38705307	0.037391183	bird	heli	fix	v	0.345259179	0.309906953	0.383076596	6085.983019	370.3735086	0.359125138	NA	NA	NA
SH	7	5	0.66546895	0.064287492	0.38705307	0.037391183	bird	heli	sp	v	0.345259179	0.309906953	0.383076596	6085.983019	370.3735086	0.359125138	NA	NA	NA
SH	7	5	0.66546895	0.064287492	0.38705307	0.037391183	bird	leaf	fix	v	0.332436645	0.322520779	0.355378086	6085.983019	370.3735086	0.359125138	NA	NA	NA
SH	7	5	0.66546895	0.064287492	0.38705307	0.037391183	bird	leaf	sp	v	0.332436645	0.322520779	0.355378086	6085.983019	370.3735086	0.359125138	NA	NA	NA
SH	7	5	0.66546895	0.064287492	0.38705307	0.037391183	crab	bark	fix	d	0.124792657	0.549874867	0.238439757	3981.174935	302.9957155	0.461640689	NA	NA	NA
SH	7	5	0.66546895	0.064287492	0.38705307	0.037391183	crab	bark	sp	d	0.124792657	0.549874867	0.238439757	3981.174935	302.9957155	0.461640689	NA	NA	NA
SH	7	5	0.66546895	0.064287492	0.38705307	0.037391183	crab	heli	fix	d	0.611999106	0.25821761	0.598045244	3981.174935	302.9957155	0.461640689	NA	NA	NA
SH	7	5	0.66546895	0.064287492	0.38705307	0.037391183	crab	heli	sp	d	0.611999106	0.25821761	0.598045244	3981.174935	302.9957155	0.461640689	NA	NA	NA
SH	7	5	0.66546895	0.064287492	0.38705307	0.037391183	crab	leaf	fix	d	0.184383008	0.331741605	0.212436618	3981.174935	302.9957155	0.461640689	NA	NA	NA
SH	7	5	0.66546895	0.064287492	0.38705307	0.037391183	crab	leaf	sp	d	0.184383008	0.331741605	0.212436618	3981.174935	302.9957155	0.461640689	NA	NA	NA
SH	7	5	0.66546895	0.064287492	0.38705307	0.037391183	crab	bark	fix	v	0.444826943	0.316346786	0.453841612	6085.983019	370.3735086	0.359125138	NA	NA	NA
SH	7	5	0.66546895	0.064287492	0.38705307	0.037391183	crab	bark	sp	v	0.444826943	0.316346786	0.453841612	6085.983019	370.3735086	0.359125138	NA	NA	NA
SH	7	5	0.66546895	0.064287492	0.38705307	0.037391183	crab	heli	fix	v	0.218747074	0.470099252	0.347922779	6085.983019	370.3735086	0.359125138	NA	NA	NA
SH	7	5	0.66546895	0.064287492	0.38705307	0.037391183	crab	heli	sp	v	0.218747074	0.470099252	0.347922779	6085.983019	370.3735086	0.359125138	NA	NA	NA
SH	7	5	0.66546895	0.064287492	0.38705307	0.037391183	crab	leaf	fix	v	0.334904184	0.449059729	0.396039421	6085.983019	370.3735086	0.359125138	NA	NA	NA
SH	7	5	0.66546895	0.064287492	0.38705307	0.037391183	crab	leaf	sp	v	0.334904184	0.449059729	0.396039421	6085.983019	370.3735086	0.359125138	NA	NA	NA
SH	7	5	0.66546895	0.064287492	0.38705307	0.037391183	pumilio	bark	fix	d	0.632886973	0.743903216	0.677690375	3981.174935	302.9957155	0.461640689	NA	NA	NA
SH	7	5	0.66546895	0.064287492	0.38705307	0.037391183	pumilio	bark	sp	d	0.632886973	0.743903216	0.677690375	3981.174935	302.9957155	0.461640689	NA	NA	NA
SH	7	5	0.66546895	0.064287492	0.38705307	0.037391183	pumilio	heli	fix	d	0.501766008	0.743887421	0.616826128	3981.174935	302.9957155	0.461640689	NA	NA	NA
SH	7	5	0.66546895	0.064287492	0.38705307	0.037391183	pumilio	heli	sp	d	0.501766008	0.743887421	0.616826128	3981.174935	302.9957155	0.461640689	NA	NA	NA
SH	7	5	0.66546895	0.064287492	0.38705307	0.037391183	pumilio	leaf	fix	d	0.555089841	0.743904839	0.636835483	3981.174935	302.9957155	0.461640689	NA	NA	NA
SH	7	5	0.66546895	0.064287492	0.38705307	0.037391183	pumilio	leaf	sp	d	0.555089841	0.743904839	0.636835483	3981.174935	302.9957155	0.461640689	NA	NA	NA
SH	7	5	0.66546895	0.064287492	0.38705307	0.037391183	pumilio	bark	fix	v	0.707123129	0.838126175	0.761619445	6085.983019	370.3735086	0.359125138	NA	NA	NA
SH	7	5	0.66546895	0.064287492	0.38705307	0.037391183	pumilio	bark	sp	v	0.707123129	0.838126175	0.761619445	6085.983019	370.3735086	0.359125138	NA	NA	NA
SH	7	5	0.66546895	0.064287492	0.38705307	0.037391183	pumilio	heli	fix	v	0.628144879	0.838179513	0.727493389	6085.983019	370.3735086	0.359125138	NA	NA	NA
SH	7	5	0.66546895	0.064287492	0.38705307	0.037391183	pumilio	heli	sp	v	0.628144879	0.838179513	0.727493389	6085.983019	370.3735086	0.359125138	NA	NA	NA
SH	7	5	0.66546895	0.064287492	0.38705307	0.037391183	pumilio	leaf	fix	v	0.659001711	0.838162065	0.738909656	6085.983019	370.3735086	0.359125138	NA	NA	NA
SH	7	5	0.66546895	0.064287492	0.38705307	0.037391183	pumilio	leaf	sp	v	0.659001711	0.838162065	0.738909656	6085.983019	370.3735086	0.359125138	NA	NA	NA
SH	7	5	0.66546895	0.064287492	0.38705307	0.037391183	snake	bark	fix	d	0.693742858	0.846873485	0.696217008	3981.174935	302.9957155	0.461640689	NA	NA	NA
SH	7	5	0.66546895	0.064287492	0.38705307	0.037391183	snake	bark	sp	d	0.693742858	0.846873485	0.696217008	3981.174935	302.9957155	0.461640689	NA	NA	NA
SH	7	5	0.66546895	0.064287492	0.38705307	0.037391183	snake	heli	fix	d	0.607293578	0.848897928	0.613897913	3981.174935	302.9957155	0.461640689	NA	NA	NA
SH	7	5	0.66546895	0.064287492	0.38705307	0.037391183	snake	heli	sp	d	0.607293578	0.848897928	0.613897913	3981.174935	302.9957155	0.461640689	NA	NA	NA
SH	7	5	0.66546895	0.064287492	0.38705307	0.037391183	snake	leaf	fix	d	0.641618835	0.848164527	0.646236731	3981.174935	302.9957155	0.461640689	NA	NA	NA
SH	7	5	0.66546895	0.064287492	0.38705307	0.037391183	snake	leaf	sp	d	0.641618835	0.848164527	0.646236731	3981.174935	302.9957155	0.461640689	NA	NA	NA
SH	7	5	0.66546895	0.064287492	0.38705307	0.037391183	snake	bark	fix	v	0.762094716	0.836214546	0.766106482	6085.983019	370.3735086	0.359125138	NA	NA	NA
SH	7	5	0.66546895	0.064287492	0.38705307	0.037391183	snake	bark	sp	v	0.762094716	0.836214546	0.766106482	6085.983019	370.3735086	0.359125138	NA	NA	NA
SH	7	5	0.66546895	0.064287492	0.38705307	0.037391183	snake	heli	fix	v	0.708022137	0.838747823	0.715233203	6085.983019	370.3735086	0.359125138	NA	NA	NA
SH	7	5	0.66546895	0.064287492	0.38705307	0.037391183	snake	heli	sp	v	0.708022137	0.838747823	0.715233203	6085.983019	370.3735086	0.359125138	NA	NA	NA
SH	7	5	0.66546895	0.064287492	0.38705307	0.037391183	snake	leaf	fix	v	0.728927241	0.837817604	0.734741508	6085.983019	370.3735086	0.359125138	NA	NA	NA
SH	7	5	0.66546895	0.064287492	0.38705307	0.037391183	snake	leaf	sp	v	0.728927241	0.837817604	0.734741508	6085.983019	370.3735086	0.359125138	NA	NA	NA
SO	1	5	1.719322236	0.077171458	1	0.044884814	bird	bark	sp	d	1	1	1	7484.570912	239.6582423	0.867880093	1	1	1
SO	1	5	1.719322236	0.077171458	1	0.044884814	bird	heli	sp	d	1	1	1	7484.570912	239.6582423	0.867880093	1	1	1
SO	1	5	1.719322236	0.077171458	1	0.044884814	bird	leaf	sp	d	1	1	1	7484.570912	239.6582423	0.867880093	1	1	1
SO	1	5	1.719322236	0.077171458	1	0.044884814	bird	bark	fix	d	1	1	1	7484.570912	239.6582423	0.867880093	NA	NA	NA
SO	1	5	1.719322236	0.077171458	1	0.044884814	bird	heli	fix	d	1	1	1	7484.570912	239.6582423	0.867880093	NA	NA	NA
SO	1	5	1.719322236	0.077171458	1	0.044884814	bird	leaf	fix	d	1	1	1	7484.570912	239.6582423	0.867880093	NA	NA	NA
SO	1	5	1.719322236	0.077171458	1	0.044884814	bird	bark	fix	v	0.853255581	1	0.91933752	8293.987565	318.9817116	0.489416322	NA	NA	NA
SO	1	5	1.719322236	0.077171458	1	0.044884814	bird	bark	sp	v	0.853255581	1	0.91933752	8293.987565	318.9817116	0.489416322	NA	NA	NA
SO	1	5	1.719322236	0.077171458	1	0.044884814	bird	heli	fix	v	0.805205181	1	0.968082713	8293.987565	318.9817116	0.489416322	NA	NA	NA
SO	1	5	1.719322236	0.077171458	1	0.044884814	bird	heli	sp	v	0.805205181	1	0.968082713	8293.987565	318.9817116	0.489416322	NA	NA	NA
SO	1	5	1.719322236	0.077171458	1	0.044884814	bird	leaf	fix	v	0.801390293	1	0.896137609	8293.987565	318.9817116	0.489416322	NA	NA	NA
SO	1	5	1.719322236	0.077171458	1	0.044884814	bird	leaf	sp	v	0.801390293	1	0.896137609	8293.987565	318.9817116	0.489416322	NA	NA	NA
SO	1	5	1.719322236	0.077171458	1	0.044884814	crab	bark	fix	d	0.470209633	0.152210045	0.473548655	7484.570912	239.6582423	0.867880093	NA	NA	NA
SO	1	5	1.719322236	0.077171458	1	0.044884814	crab	bark	sp	d	0.470209633	0.152210045	0.473548655	7484.570912	239.6582423	0.867880093	NA	NA	NA
SO	1	5	1.719322236	0.077171458	1	0.044884814	crab	heli	fix	d	0.024206544	0.898781156	0.358094755	7484.570912	239.6582423	0.867880093	NA	NA	NA
SO	1	5	1.719322236	0.077171458	1	0.044884814	crab	heli	sp	d	0.024206544	0.898781156	0.358094755	7484.570912	239.6582423	0.867880093	NA	NA	NA
SO	1	5	1.719322236	0.077171458	1	0.044884814	crab	leaf	fix	d	0.283055937	0.710577742	0.365243676	7484.570912	239.6582423	0.867880093	NA	NA	NA
SO	1	5	1.719322236	0.077171458	1	0.044884814	crab	leaf	sp	d	0.283055937	0.710577742	0.365243676	7484.570912	239.6582423	0.867880093	NA	NA	NA
SO	1	5	1.719322236	0.077171458	1	0.044884814	crab	bark	fix	v	0.358651001	0.36328963	0.374912511	8293.987565	318.9817116	0.489416322	NA	NA	NA
SO	1	5	1.719322236	0.077171458	1	0.044884814	crab	bark	sp	v	0.358651001	0.36328963	0.374912511	8293.987565	318.9817116	0.489416322	NA	NA	NA
SO	1	5	1.719322236	0.077171458	1	0.044884814	crab	heli	fix	v	0.097478208	0.506484729	0.307367081	8293.987565	318.9817116	0.489416322	NA	NA	NA
SO	1	5	1.719322236	0.077171458	1	0.044884814	crab	heli	sp	v	0.097478208	0.506484729	0.307367081	8293.987565	318.9817116	0.489416322	NA	NA	NA
SO	1	5	1.719322236	0.077171458	1	0.044884814	crab	leaf	fix	v	0.231665638	0.486889878	0.325962339	8293.987565	318.9817116	0.489416322	NA	NA	NA
SO	1	5	1.719322236	0.077171458	1	0.044884814	crab	leaf	sp	v	0.231665638	0.486889878	0.325962339	8293.987565	318.9817116	0.489416322	NA	NA	NA
SO	1	5	1.719322236	0.077171458	1	0.044884814	pumilio	bark	fix	d	0.811209585	1	0.878837405	7484.570912	239.6582423	0.867880093	NA	NA	NA
SO	1	5	1.719322236	0.077171458	1	0.044884814	pumilio	bark	sp	d	0.811209585	1	0.878837405	7484.570912	239.6582423	0.867880093	NA	NA	NA
SO	1	5	1.719322236	0.077171458	1	0.044884814	pumilio	heli	fix	d	0.743779721	1	0.874873999	7484.570912	239.6582423	0.867880093	NA	NA	NA
SO	1	5	1.719322236	0.077171458	1	0.044884814	pumilio	heli	sp	d	0.743779721	1	0.874873999	7484.570912	239.6582423	0.867880093	NA	NA	NA
SO	1	5	1.719322236	0.077171458	1	0.044884814	pumilio	leaf	fix	d	0.771201872	1	0.874219201	7484.570912	239.6582423	0.867880093	NA	NA	NA
SO	1	5	1.719322236	0.077171458	1	0.044884814	pumilio	leaf	sp	d	0.771201872	1	0.874219201	7484.570912	239.6582423	0.867880093	NA	NA	NA
SO	1	5	1.719322236	0.077171458	1	0.044884814	pumilio	bark	fix	v	0.69074979	1	0.778672902	8293.987565	318.9817116	0.489416322	NA	NA	NA
SO	1	5	1.719322236	0.077171458	1	0.044884814	pumilio	bark	sp	v	0.69074979	1	0.778672902	8293.987565	318.9817116	0.489416322	NA	NA	NA
SO	1	5	1.719322236	0.077171458	1	0.044884814	pumilio	heli	fix	v	0.607356245	1	0.761573956	8293.987565	318.9817116	0.489416322	NA	NA	NA
SO	1	5	1.719322236	0.077171458	1	0.044884814	pumilio	heli	sp	v	0.607356245	1	0.761573956	8293.987565	318.9817116	0.489416322	NA	NA	NA
SO	1	5	1.719322236	0.077171458	1	0.044884814	pumilio	leaf	fix	v	0.639938134	1	0.765826783	8293.987565	318.9817116	0.489416322	NA	NA	NA
SO	1	5	1.719322236	0.077171458	1	0.044884814	pumilio	leaf	sp	v	0.639938134	1	0.765826783	8293.987565	318.9817116	0.489416322	NA	NA	NA
SO	1	5	1.719322236	0.077171458	1	0.044884814	snake	bark	fix	d	0.820162728	1	0.823069006	7484.570912	239.6582423	0.867880093	NA	NA	NA
SO	1	5	1.719322236	0.077171458	1	0.044884814	snake	bark	sp	d	0.820162728	1	0.823069006	7484.570912	239.6582423	0.867880093	NA	NA	NA
SO	1	5	1.719322236	0.077171458	1	0.044884814	snake	heli	fix	d	0.769398842	1	0.775588582	7484.570912	239.6582423	0.867880093	NA	NA	NA
SO	1	5	1.719322236	0.077171458	1	0.044884814	snake	heli	sp	d	0.769398842	1	0.775588582	7484.570912	239.6582423	0.867880093	NA	NA	NA
SO	1	5	1.719322236	0.077171458	1	0.044884814	snake	leaf	fix	d	0.789554978	1	0.794233652	7484.570912	239.6582423	0.867880093	NA	NA	NA
SO	1	5	1.719322236	0.077171458	1	0.044884814	snake	leaf	sp	d	0.789554978	1	0.794233652	7484.570912	239.6582423	0.867880093	NA	NA	NA
SO	1	5	1.719322236	0.077171458	1	0.044884814	snake	bark	fix	v	0.72049296	0.845206525	0.72519519	8293.987565	318.9817116	0.489416322	NA	NA	NA
SO	1	5	1.719322236	0.077171458	1	0.044884814	snake	bark	sp	v	0.72049296	0.845206525	0.72519519	8293.987565	318.9817116	0.489416322	NA	NA	NA
SO	1	5	1.719322236	0.077171458	1	0.044884814	snake	heli	fix	v	0.656964878	0.846941896	0.665557243	8293.987565	318.9817116	0.489416322	NA	NA	NA
SO	1	5	1.719322236	0.077171458	1	0.044884814	snake	heli	sp	v	0.656964878	0.846941896	0.665557243	8293.987565	318.9817116	0.489416322	NA	NA	NA
SO	1	5	1.719322236	0.077171458	1	0.044884814	snake	leaf	fix	v	0.681525593	0.84631661	0.688408744	8293.987565	318.9817116	0.489416322	NA	NA	NA
SO	1	5	1.719322236	0.077171458	1	0.044884814	snake	leaf	sp	v	0.681525593	0.84631661	0.688408744	8293.987565	318.9817116	0.489416322	NA	NA	NA
TALA	11	4	0.425139376	0.113805927	0.247271493	0.06619232	bird	heli	sp	d	0.145966672	0.166359822	0.153259006	5371.793596	447.1540024	NA	0.145966672	0.16160841	0.151524242
TALA	11	4	0.425139376	0.113805927	0.247271493	0.06619232	bird	bark	sp	d	0.233467809	0.366548051	0.257099193	5371.793596	447.1540024	NA	0.233467809	0.351393166	0.254093935
TALA	11	4	0.425139376	0.113805927	0.247271493	0.06619232	bird	leaf	sp	d	0.18023727	0.42966408	0.259428146	5371.793596	447.1540024	NA	0.18023727	0.420492866	0.256331295
TALA	11	4	0.425139376	0.113805927	0.247271493	0.06619232	bird	bark	fix	d	0.233467809	0.925301267	0.549336372	5371.793596	447.1540024	NA	NA	NA	NA
TALA	11	4	0.425139376	0.113805927	0.247271493	0.06619232	bird	heli	fix	d	0.145966672	0.4015311	0.318046814	5371.793596	447.1540024	NA	NA	NA	NA
TALA	11	4	0.425139376	0.113805927	0.247271493	0.06619232	bird	leaf	fix	d	0.18023727	0.783193916	0.535471067	5371.793596	447.1540024	NA	NA	NA	NA
TALA	11	4	0.425139376	0.113805927	0.247271493	0.06619232	bird	bark	sp	v	0.571192315	0.308739036	0.579247654	9752.045135	945.9404876	NA	NA	NA	NA
TALA	11	4	0.425139376	0.113805927	0.247271493	0.06619232	bird	heli	sp	v	0.430782337	0.12153949	0.435010415	9752.045135	945.9404876	NA	NA	NA	NA
TALA	11	4	0.425139376	0.113805927	0.247271493	0.06619232	bird	leaf	sp	v	0.4196347	0.38436704	0.445071445	9752.045135	945.9404876	NA	NA	NA	NA
TALA	11	4	0.425139376	0.113805927	0.247271493	0.06619232	crab	bark	fix	d	0.330143315	0.89350415	0.466890158	5371.793596	447.1540024	NA	NA	NA	NA
TALA	11	4	0.425139376	0.113805927	0.247271493	0.06619232	crab	bark	sp	d	0.330143315	0.89350415	0.466890158	5371.793596	447.1540024	NA	NA	NA	NA
TALA	11	4	0.425139376	0.113805927	0.247271493	0.06619232	crab	heli	fix	d	0.233774356	0.824500478	0.397622861	5371.793596	447.1540024	NA	NA	NA	NA
TALA	11	4	0.425139376	0.113805927	0.247271493	0.06619232	crab	heli	sp	d	0.233774356	0.824500478	0.397622861	5371.793596	447.1540024	NA	NA	NA	NA
TALA	11	4	0.425139376	0.113805927	0.247271493	0.06619232	crab	leaf	fix	d	0.093509806	0.841895641	0.294208055	5371.793596	447.1540024	NA	NA	NA	NA
TALA	11	4	0.425139376	0.113805927	0.247271493	0.06619232	crab	leaf	sp	d	0.093509806	0.841895641	0.294208055	5371.793596	447.1540024	NA	NA	NA	NA
TALA	11	4	0.425139376	0.113805927	0.247271493	0.06619232	crab	bark	sp	v	0.603118645	0.539992758	0.623986283	9752.045135	945.9404876	NA	NA	NA	NA
TALA	11	4	0.425139376	0.113805927	0.247271493	0.06619232	crab	heli	sp	v	0.441498977	0.193650958	0.455336882	9752.045135	945.9404876	NA	NA	NA	NA
TALA	11	4	0.425139376	0.113805927	0.247271493	0.06619232	crab	leaf	sp	v	0.524537213	0.241044452	0.536525625	9752.045135	945.9404876	NA	NA	NA	NA
TALA	11	4	0.425139376	0.113805927	0.247271493	0.06619232	NA	NA	NA	v	NA	NA	NA	9752.045135	945.9404876	NA	NA	NA	NA
TALA	11	4	0.425139376	0.113805927	0.247271493	0.06619232	NA	NA	NA	v	NA	NA	NA	9752.045135	945.9404876	NA	NA	NA	NA
TALA	11	4	0.425139376	0.113805927	0.247271493	0.06619232	NA	NA	NA	v	NA	NA	NA	9752.045135	945.9404876	NA	NA	NA	NA
TALA	11	4	0.425139376	0.113805927	0.247271493	0.06619232	NA	NA	NA	v	NA	NA	NA	9752.045135	945.9404876	NA	NA	NA	NA
TALA	11	4	0.425139376	0.113805927	0.247271493	0.06619232	NA	NA	NA	v	NA	NA	NA	9752.045135	945.9404876	NA	NA	NA	NA
TALA	11	4	0.425139376	0.113805927	0.247271493	0.06619232	NA	NA	NA	v	NA	NA	NA	9752.045135	945.9404876	NA	NA	NA	NA
TALA	11	4	0.425139376	0.113805927	0.247271493	0.06619232	NA	NA	NA	v	NA	NA	NA	9752.045135	945.9404876	NA	NA	NA	NA
TALA	11	4	0.425139376	0.113805927	0.247271493	0.06619232	NA	NA	NA	v	NA	NA	NA	9752.045135	945.9404876	NA	NA	NA	NA
TALA	11	4	0.425139376	0.113805927	0.247271493	0.06619232	NA	NA	NA	v	NA	NA	NA	9752.045135	945.9404876	NA	NA	NA	NA
TALA	11	4	0.425139376	0.113805927	0.247271493	0.06619232	NA	NA	NA	v	NA	NA	NA	9752.045135	945.9404876	NA	NA	NA	NA
TALA	11	4	0.425139376	0.113805927	0.247271493	0.06619232	NA	NA	NA	v	NA	NA	NA	9752.045135	945.9404876	NA	NA	NA	NA
TALA	11	4	0.425139376	0.113805927	0.247271493	0.06619232	NA	NA	NA	v	NA	NA	NA	9752.045135	945.9404876	NA	NA	NA	NA
TALA	11	4	0.425139376	0.113805927	0.247271493	0.06619232	pumilio	bark	fix	d	0.718260827	0.673983476	0.740657159	5371.793596	447.1540024	NA	NA	NA	NA
TALA	11	4	0.425139376	0.113805927	0.247271493	0.06619232	pumilio	bark	sp	d	0.718260827	0.659233661	0.732757772	5371.793596	447.1540024	NA	NA	NA	NA
TALA	11	4	0.425139376	0.113805927	0.247271493	0.06619232	pumilio	heli	fix	d	0.617632657	0.675120846	0.693545311	5371.793596	447.1540024	NA	NA	NA	NA
TALA	11	4	0.425139376	0.113805927	0.247271493	0.06619232	pumilio	heli	sp	d	0.617632657	0.659186511	0.666626934	5371.793596	447.1540024	NA	NA	NA	NA
TALA	11	4	0.425139376	0.113805927	0.247271493	0.06619232	pumilio	leaf	fix	d	0.658555783	0.674630791	0.709079966	5371.793596	447.1540024	NA	NA	NA	NA
TALA	11	4	0.425139376	0.113805927	0.247271493	0.06619232	pumilio	leaf	sp	d	0.658555783	0.659221183	0.690706459	5371.793596	447.1540024	NA	NA	NA	NA
TALA	11	4	0.425139376	0.113805927	0.247271493	0.06619232	pumilio	bark	sp	v	0.788977313	0.611585347	0.801220256	9752.045135	945.9404876	NA	NA	NA	NA
TALA	11	4	0.425139376	0.113805927	0.247271493	0.06619232	pumilio	heli	sp	v	0.732072161	0.611542799	0.758159924	9752.045135	945.9404876	NA	NA	NA	NA
TALA	11	4	0.425139376	0.113805927	0.247271493	0.06619232	pumilio	leaf	sp	v	0.754305025	0.611576183	0.774190211	9752.045135	945.9404876	NA	NA	NA	NA
TALA	11	4	0.425139376	0.113805927	0.247271493	0.06619232	snake	bark	fix	d	0.755564838	0.744602165	0.751947495	5371.793596	447.1540024	NA	NA	NA	NA
TALA	11	4	0.425139376	0.113805927	0.247271493	0.06619232	snake	bark	sp	d	0.755564838	0.762755902	0.755975445	5371.793596	447.1540024	NA	NA	NA	NA
TALA	11	4	0.425139376	0.113805927	0.247271493	0.06619232	snake	heli	fix	d	0.686566467	0.744569169	0.714518302	5371.793596	447.1540024	NA	NA	NA	NA
TALA	11	4	0.425139376	0.113805927	0.247271493	0.06619232	snake	heli	sp	d	0.686566467	0.76644127	0.688825171	5371.793596	447.1540024	NA	NA	NA	NA
TALA	11	4	0.425139376	0.113805927	0.247271493	0.06619232	snake	leaf	fix	d	0.713962726	0.744299686	0.726799709	5371.793596	447.1540024	NA	NA	NA	NA
TALA	11	4	0.425139376	0.113805927	0.247271493	0.06619232	snake	leaf	sp	d	0.713962726	0.765090877	0.715299278	5371.793596	447.1540024	NA	NA	NA	NA
TALA	11	4	0.425139376	0.113805927	0.247271493	0.06619232	snake	bark	sp	v	0.816415502	0.62418933	0.816994874	9752.045135	945.9404876	NA	NA	NA	NA
TALA	11	4	0.425139376	0.113805927	0.247271493	0.06619232	snake	heli	sp	v	0.774689286	0.629879193	0.776108242	9752.045135	945.9404876	NA	NA	NA	NA
TALA	11	4	0.425139376	0.113805927	0.247271493	0.06619232	snake	leaf	sp	v	0.790821139	0.627781785	0.79185642	9752.045135	945.9404876	NA	NA	NA	NA
																			
																			
																			
